D (-1,-1,-1) (5,5,2)
D (-1,-1,-1) (2,5,3)
D (-1,-1,-1) (3,1,4)
D (-1,-1,-1) (0,5,3)
D (-1,-1,-1) (0,1,2)
D (-1,-1,-1) (5,0,4)
D (-1,-1,-1) (1,4,3)
D (-1,-1,-1) (2,3,1)
D (-1,-1,-1) (1,3,4)
D (-1,-1,-1) (2,1,1)
D (-1,-1,-1) (1,4,0)
D (-1,-1,-1) (4,0,4)
D (-1,-1,-1) (0,4,1)
D (-1,-1,-1) (2,2,1)
D (-1,-1,-1) (4,4,3)
D (-1,-1,-1) (5,0,2)
D (-1,-1,-1) (2,0,5)
D (-1,-1,-1) (2,5,5)
D (-1,-1,-1) (4,2,4)
D (-1,-1,-1) (1,2,5)
D (-1,-1,-1) (2,4,5)
D (-1,-1,-1) (3,2,0)
D (-1,-1,-1) (2,1,2)
D (-1,-1,-1) (4,0,5)
D (-1,-1,-1) (3,3,0)
D (-1,-1,-1) (0,1,5)
D (-1,-1,-1) (5,1,0)
D (-1,-1,-1) (0,3,4)
D (-1,-1,-1) (2,5,4)
D (-1,-1,-1) (4,3,2)
D (-1,-1,-1) (0,0,5)
D (-1,-1,-1) (5,0,3)
D (-1,-1,-1) (0,4,5)
D (-1,-1,-1) (5,4,0)
D (-1,-1,-1) (3,4,4)
D (-1,-1,-1) (1,4,5)
D (-1,-1,-1) (1,3,2)
D (-1,-1,-1) (5,5,4)
D (-1,-1,-1) (1,3,1)
D (-1,-1,-1) (0,2,5)
D (-1,-1,-1) (4,4,0)
D (-1,-1,-1) (1,4,1)
D (-1,-1,-1) (4,0,2)
D (-1,-1,-1) (4,3,3)
D (-1,-1,-1) (2,5,0)
D (-1,-1,-1) (5,3,0)
D (-1,-1,-1) (5,1,4)
D (-1,-1,-1) (4,4,4)
D (-1,-1,-1) (3,5,0)
D (-1,-1,-1) (1,5,2)
D (-1,-1,-1) (4,2,0)
D (-1,-1,-1) (2,0,2)
D (-1,-1,-1) (1,1,2)
C 0 19
C 1 22
C 2 12
C 3 16
C 4 24
C 5 12
C 6 20
C 7 6
C 8 12
C 9 2
C 10 3
C 11 15
C 12 8
C 13 0
C 14 20
C 15 10
C 16 0
C 17 0
C 18 0
C 19 0
C 20 0
C 21 0
C 22 0
C 23 0
C 24 0
C 25 0
C 26 0
C 27 0
C 28 0
C 29 0
C 30 0
C 31 0
C 32 0
C 33 0
C 34 0
C 35 0
C 36 0
C 37 0
C 38 0
C 39 0
C 40 0
C 41 0
C 42 0
C 43 0
C 44 0
C 45 0
C 46 0
C 47 0
C 48 0
C 49 0
C 50 0
C 51 0
C 52 0
C 53 0
C 54 0
C 55 0
C 56 0
C 57 0
C 58 0
C 59 0
C 60 0
C 61 0
C 62 0
C 63 0
C 64 0
C 65 0
C 66 0
C 67 0
C 68 0
C 69 0
C 70 0
C 71 0
C 72 0
C 73 0
C 74 0
C 75 0
C 76 0
C 77 0
C 78 18
C 79 18
C 80 16
C 81 2
C 82 12
C 83 20
C 84 0
C 85 0
C 86 0
C 87 0
C 88 0
C 89 0
C 90 0
C 91 0
C 92 0
C 93 0
C 94 0
C 95 0
C 96 0
C 97 0
C 98 0
C 99 0
C 100 0
C 101 0
C 102 0
C 103 0
C 104 0
C 105 0
C 106 0
C 107 0
C 108 0
C 109 0
C 110 0
C 111 0
C 112 0
C 113 0
C 114 0
C 115 0
C 116 0
C 117 0
C 118 0
C 119 0
C 120 0
C 121 0
C 122 0
C 123 0
C 124 0
C 125 16
C 126 11
C 127 7
C 128 25
C 129 11
C 130 15
C 131 18
C 132 19
C 133 21
C 134 19
C 135 25
C 136 2
C 137 22
C 138 18
C 139 10
C 140 18
C 141 18
C 142 22
C 143 1
C 144 20
C 145 26
C 146 9
C 147 1
C 148 24
C 149 18
C 150 7
C 151 1
C 152 18
C 153 3
C 154 12
C 155 4
C 156 9
C 157 18
C 158 4
C 159 20
C 160 2
C 161 12
C 162 16
C 163 23
C 164 6
C 165 24
C 166 14
C 167 12
C 168 16
C 169 7
C 170 20
C 171 0
C 172 0
C 173 0
C 174 0
C 175 0
C 176 0
C 177 0
C 178 0
C 179 0
C 180 17
C 181 23
C 182 1
C 183 21
C 184 7
C 185 2
C 186 24
C 187 2
C 188 2
C 189 15
C 190 3
C 191 4
C 192 7
C 193 14
C 194 3
C 195 3
C 196 22
C 197 0
C 198 0
C 199 0
C 200 0
C 201 0
C 202 7
C 203 5
C 204 18
C 205 3
C 206 3
C 207 3
C 208 24
C 209 24
C 210 16
C 211 16
C 212 22
C 213 4
C 214 20
C 215 0
C 216 9
C 217 0
C 218 0
C 219 0
C 220 0
C 221 0
C 222 0
C 223 0
C 224 0
C 225 0
C 226 0
C 227 0
C 228 0
C 229 0
C 230 0
C 231 0
C 232 0
C 233 0
C 234 0
C 235 0
C 236 0
C 237 0
C 238 0
C 239 0
C 240 0
C 241 0
C 242 0
C 243 0
C 244 0
C 245 0
C 246 0
C 247 0
C 248 0
C 249 0
C 250 0
C 251 0
C 252 0
C 253 0
C 254 0
C 255 0
C 256 0
C 257 0
C 258 0
C 259 0
C 260 0
C 261 0
C 262 0
C 263 0
C 264 0
C 265 0
C 266 0
C 267 0
C 268 0
C 269 0
C 270 0
C 271 0
C 272 0
C 273 0
C 274 0
C 275 0
C 276 0
C 277 0
C 278 0
C 279 0
C 280 0
C 281 0
C 282 0
C 283 0
C 284 0
C 285 0
C 286 0
C 287 0
C 288 0
C 289 0
C 290 0
C 291 0
C 292 0
C 293 0
C 294 0
C 295 0
C 296 0
C 297 0
C 298 0
C 299 0
C 300 0
C 301 0
C 302 0
C 303 0
C 304 0
C 305 0
C 306 0
C 307 0
C 308 0
C 309 0
C 310 0
C 311 0
C 312 0
C 313 0
C 314 0
C 315 0
C 316 0
C 317 0
C 318 0
C 319 0
C 320 0
C 321 0
C 322 0
C 323 0
C 324 0
C 325 0
C 326 0
C 327 0
C 328 0
C 329 0
C 330 0
C 331 0
C 332 0
C 333 0
C 334 0
C 335 0
C 336 0
C 337 0
C 338 20
C 339 7
C 340 11
C 341 8
C 342 3
C 343 26
C 344 9
C 345 1
C 346 21
C 347 7
C 348 25
C 349 22
C 350 9
C 351 21
C 352 12
C 353 17
C 354 4
C 355 19
C 356 7
C 357 11
C 358 24
C 359 23
C 360 18
C 361 5
C 362 1
C 363 9
C 364 3
C 365 26
C 366 22
C 367 20
C 368 11
C 369 6
C 370 1
C 371 15
C 372 7
C 373 24
C 374 20
C 375 16
C 376 17
C 377 5
C 378 12
C 379 14
C 380 17
C 381 10
C 382 17
C 383 5
C 384 9
C 385 17
C 386 14
C 387 12
C 388 6
C 389 16
C 390 19
C 391 8
C 392 1
C 393 10
C 394 25
C 395 9
C 396 19
C 397 11
C 398 10
C 399 12
C 400 4
C 401 22
C 402 25
C 403 22
C 404 2
I 0 3 27 (0,4,1) (0,-1,1,0)|(0,0,0,0)
I 5 1 36 (3,3,4) (-1,1,-1,0)
