D (-1,-1,-1) (4,3,2)
D (-1,-1,-1) (0,0,0)
D (-1,-1,-1) (4,1,3)
D (-1,-1,-1) (1,5,5)
D (-1,-1,-1) (0,5,2)
D (-1,-1,-1) (0,0,1)
D (-1,-1,-1) (4,2,1)
D (-1,-1,-1) (1,2,4)
D (-1,-1,-1) (2,3,0)
D (-1,-1,-1) (4,4,5)
D (-1,-1,-1) (3,3,0)
D (-1,-1,-1) (2,3,1)
D (-1,-1,-1) (2,1,1)
D (-1,-1,-1) (2,4,0)
D (-1,-1,-1) (2,2,4)
D (-1,-1,-1) (0,5,0)
D (-1,-1,-1) (5,0,2)
D (-1,-1,-1) (0,4,4)
D (-1,-1,-1) (0,4,1)
D (-1,-1,-1) (5,0,3)
D (-1,-1,-1) (2,5,1)
D (-1,-1,-1) (5,4,4)
D (-1,-1,-1) (1,0,5)
D (-1,-1,-1) (0,1,5)
D (-1,-1,-1) (1,3,5)
D (-1,-1,-1) (2,3,2)
D (-1,-1,-1) (3,5,5)
D (-1,-1,-1) (0,2,3)
D (-1,-1,-1) (1,4,3)
D (-1,-1,-1) (0,1,4)
D (-1,-1,-1) (0,3,3)
D (-1,-1,-1) (1,1,0)
D (-1,-1,-1) (3,5,4)
D (-1,-1,-1) (4,5,5)
D (-1,-1,-1) (3,5,0)
D (-1,-1,-1) (5,5,1)
D (-1,-1,-1) (1,0,0)
D (-1,-1,-1) (2,3,4)
D (-1,-1,-1) (0,5,4)
D (-1,-1,-1) (1,3,2)
D (-1,-1,-1) (4,4,1)
D (-1,-1,-1) (3,0,2)
D (-1,-1,-1) (1,3,3)
D (-1,-1,-1) (2,5,2)
D (-1,-1,-1) (4,0,3)
D (-1,-1,-1) (1,4,5)
D (-1,-1,-1) (2,1,4)
D (-1,-1,-1) (2,0,4)
D (-1,-1,-1) (1,0,4)
D (-1,-1,-1) (4,2,0)
C 0 23
C 1 0
C 2 5
C 3 19
C 4 3
C 5 0
C 6 2
C 7 21
C 8 11
C 9 7
C 10 22
C 11 24
C 12 14
C 13 0
C 14 16
C 15 23
C 16 7
C 17 19
C 18 20
C 19 2
C 20 5
C 21 22
C 22 18
C 23 3
C 24 23
C 25 8
C 26 5
C 27 19
C 28 3
C 29 22
C 30 12
C 31 23
C 32 14
C 33 26
C 34 0
C 35 4
C 36 21
C 37 16
C 38 8
C 39 16
C 40 4
C 41 1
C 42 2
C 43 10
C 44 7
C 45 9
C 46 10
C 47 3
C 48 23
C 49 6
C 50 1
C 51 6
C 52 16
C 53 17
C 54 0
C 55 8
C 56 19
C 57 12
C 58 12
C 59 8
C 60 9
C 61 6
C 62 19
C 63 24
C 64 10
C 65 5
C 66 1
C 67 8
C 68 17
C 69 2
C 70 0
C 71 0
C 72 0
C 73 0
C 74 0
C 75 0
C 76 0
C 77 0
C 78 0
C 79 0
C 80 0
C 81 0
C 82 0
C 83 0
C 84 0
C 85 0
C 86 0
C 87 0
C 88 0
C 89 0
C 90 0
C 91 0
C 92 0
C 93 0
C 94 0
C 95 0
C 96 0
C 97 0
C 98 0
C 99 0
C 100 0
C 101 0
C 102 0
C 103 0
C 104 0
C 105 0
C 106 0
C 107 0
C 108 0
C 109 0
C 110 0
C 111 0
C 112 0
C 113 0
C 114 0
C 115 0
C 116 0
C 117 0
C 118 0
C 119 0
C 120 0
C 121 0
C 122 0
C 123 0
C 124 0
C 125 0
C 126 0
C 127 0
C 128 0
C 129 0
C 130 0
C 131 0
C 132 0
C 133 0
C 134 0
C 135 0
C 136 0
C 137 0
C 138 0
C 139 0
C 140 0
C 141 0
C 142 0
C 143 0
C 144 0
C 145 0
C 146 0
C 147 0
C 148 0
C 149 0
C 150 0
C 151 0
C 152 0
C 153 0
C 154 0
C 155 0
C 156 0
C 157 0
C 158 0
C 159 0
C 160 0
C 161 0
C 162 0
C 163 0
C 164 0
C 165 0
C 166 0
C 167 0
C 168 0
C 169 0
C 170 0
C 171 0
C 172 0
C 173 0
C 174 0
C 175 0
C 176 0
C 177 0
C 178 0
C 179 0
C 180 0
C 181 0
C 182 0
C 183 0
C 184 0
C 185 0
C 186 0
C 187 0
C 188 0
C 189 0
C 190 0
C 191 0
C 192 0
C 193 0
C 194 0
C 195 0
C 196 0
C 197 0
C 198 0
C 199 0
C 200 0
C 201 0
C 202 10
C 203 4
C 204 12
C 205 5
C 206 6
C 207 0
C 208 21
C 209 0
C 210 0
C 211 0
C 212 0
C 213 0
C 214 0
C 215 0
C 216 0
C 217 0
C 218 0
C 219 0
C 220 0
C 221 0
C 222 0
C 223 0
C 224 0
C 225 0
C 226 0
C 227 18
C 228 26
C 229 16
C 230 16
C 231 20
C 232 23
C 233 9
C 234 9
C 235 2
C 236 16
C 237 21
C 238 5
C 239 16
C 240 3
C 241 0
C 242 9
C 243 10
C 244 19
C 245 26
C 246 23
C 247 9
C 248 8
C 249 17
C 250 26
C 251 20
C 252 2
C 253 26
C 254 1
C 255 26
C 256 12
C 257 11
C 258 15
C 259 14
C 260 15
C 261 18
C 262 11
C 263 16
C 264 25
C 265 0
C 266 1
C 267 11
C 268 20
C 269 16
C 270 9
C 271 5
C 272 0
C 273 26
C 274 5
C 275 5
C 276 7
C 277 11
C 278 3
C 279 8
C 280 5
C 281 12
C 282 6
C 283 24
C 284 16
C 285 3
C 286 11
C 287 14
C 288 3
C 289 14
C 290 21
C 291 17
C 292 22
C 293 16
C 294 26
C 295 22
C 296 26
C 297 8
C 298 7
C 299 24
C 300 2
C 301 18
C 302 1
C 303 10
C 304 19
C 305 25
C 306 8
C 307 26
C 308 18
C 309 1
C 310 12
C 311 7
C 312 18
C 313 0
C 314 17
C 315 7
C 316 18
C 317 22
C 318 25
C 319 21
C 320 14
C 321 22
C 322 2
C 323 19
C 324 16
C 325 26
C 326 16
C 327 24
C 328 25
C 329 19
C 330 15
C 331 8
C 332 12
C 333 18
C 334 6
C 335 0
C 336 15
C 337 26
C 338 26
C 339 14
C 340 22
C 341 26
C 342 0
C 343 6
C 344 16
C 345 19
C 346 2
C 347 26
C 348 18
C 349 17
C 350 19
C 351 10
C 352 18
C 353 0
C 354 1
C 355 18
C 356 25
C 357 5
C 358 25
C 359 17
C 360 4
C 361 1
C 362 23
C 363 12
C 364 4
C 365 24
C 366 8
C 367 15
C 368 26
C 369 17
C 370 20
C 371 14
C 372 14
C 373 2
C 374 24
C 375 20
C 376 6
C 377 25
C 378 6
C 379 17
C 380 2
C 381 14
C 382 4
C 383 18
C 384 3
C 385 6
C 386 5
C 387 3
C 388 17
C 389 24
C 390 20
C 391 18
C 392 4
C 393 24
C 394 0
C 395 8
C 396 14
C 397 18
C 398 20
C 399 18
C 400 9
C 401 21
C 402 11
C 403 26
C 404 0
I 5 2 7 (1,1,0) (0,-1,0,0)|(-1,-1,0,0)
I 0 3 3 (4,0,2) (-1,0,0,0)|(0,0,0,0)|(-1,0,1,0)
