D (-1,-1,-1) (0,5,0)
D (-1,-1,-1) (4,1,0)
D (-1,-1,-1) (2,5,2)
D (-1,-1,-1) (0,2,2)
D (-1,-1,-1) (4,5,2)
D (-1,-1,-1) (2,1,4)
D (-1,-1,-1) (5,0,0)
D (-1,-1,-1) (3,0,0)
D (-1,-1,-1) (4,0,1)
D (-1,-1,-1) (4,5,3)
D (-1,-1,-1) (2,2,2)
D (-1,-1,-1) (4,2,4)
D (-1,-1,-1) (5,2,3)
D (-1,-1,-1) (1,3,3)
D (-1,-1,-1) (4,5,1)
D (-1,-1,-1) (5,0,4)
D (-1,-1,-1) (3,0,4)
D (-1,-1,-1) (0,0,5)
D (-1,-1,-1) (5,5,1)
D (-1,-1,-1) (0,1,4)
D (-1,-1,-1) (3,1,4)
D (-1,-1,-1) (0,1,2)
D (-1,-1,-1) (4,2,3)
D (-1,-1,-1) (1,0,5)
D (-1,-1,-1) (5,4,0)
D (-1,-1,-1) (1,0,4)
D (-1,-1,-1) (4,3,0)
D (-1,-1,-1) (3,2,3)
D (-1,-1,-1) (5,4,5)
D (-1,-1,-1) (0,3,4)
D (-1,-1,-1) (3,2,4)
D (-1,-1,-1) (2,5,1)
D (-1,-1,-1) (3,1,5)
D (-1,-1,-1) (3,4,5)
D (-1,-1,-1) (3,1,1)
D (-1,-1,-1) (4,0,3)
D (-1,-1,-1) (2,1,0)
D (-1,-1,-1) (1,4,2)
D (-1,-1,-1) (1,2,0)
D (-1,-1,-1) (1,0,2)
D (-1,-1,-1) (0,1,5)
D (-1,-1,-1) (1,4,4)
D (-1,-1,-1) (1,3,1)
D (-1,-1,-1) (3,4,1)
D (-1,-1,-1) (5,3,0)
D (-1,-1,-1) (5,4,4)
D (-1,-1,-1) (0,5,4)
D (-1,-1,-1) (2,1,2)
D (-1,-1,-1) (1,1,1)
D (-1,-1,-1) (4,4,4)
D (-1,-1,-1) (0,3,2)
D (-1,-1,-1) (4,3,1)
D (-1,-1,-1) (0,2,1)
D (-1,-1,-1) (1,2,2)
D (-1,-1,-1) (3,0,1)
D (-1,-1,-1) (5,4,1)
D (-1,-1,-1) (0,1,0)
D (-1,-1,-1) (5,1,5)
D (-1,-1,-1) (4,4,0)
D (-1,-1,-1) (1,5,3)
D (-1,-1,-1) (1,4,1)
D (-1,-1,-1) (2,4,5)
D (-1,-1,-1) (2,4,1)
C 0 10
C 1 18
C 2 21
C 3 9
C 4 10
C 5 10
C 6 10
C 7 0
C 8 23
C 9 22
C 10 5
C 11 5
C 12 9
C 13 16
C 14 6
C 15 18
C 16 6
C 17 1
C 18 23
C 19 24
C 20 10
C 21 9
C 22 24
C 23 24
C 24 14
C 25 8
C 26 21
C 27 20
C 28 23
C 29 21
C 30 23
C 31 26
C 32 24
C 33 24
C 34 19
C 35 5
C 36 21
C 37 23
C 38 8
C 39 0
C 40 0
C 41 0
C 42 0
C 43 0
C 44 0
C 45 0
C 46 0
C 47 0
C 48 0
C 49 0
C 50 0
C 51 0
C 52 0
C 53 0
C 54 0
C 55 0
C 56 0
C 57 0
C 58 0
C 59 0
C 60 0
C 61 0
C 62 0
C 63 0
C 64 0
C 65 0
C 66 0
C 67 0
C 68 0
C 69 0
C 70 0
C 71 0
C 72 0
C 73 0
C 74 0
C 75 0
C 76 0
C 77 0
C 78 0
C 79 0
C 80 0
C 81 0
C 82 0
C 83 0
C 84 0
C 85 0
C 86 0
C 87 0
C 88 0
C 89 0
C 90 0
C 91 0
C 92 0
C 93 0
C 94 0
C 95 0
C 96 0
C 97 0
C 98 0
C 99 0
C 100 0
C 101 0
C 102 0
C 103 0
C 104 0
C 105 0
C 106 22
C 107 4
C 108 2
C 109 7
C 110 21
C 111 14
C 112 5
C 113 1
C 114 23
C 115 9
C 116 1
C 117 6
C 118 3
C 119 2
C 120 18
C 121 18
C 122 8
C 123 26
C 124 11
C 125 23
C 126 21
C 127 4
C 128 6
C 129 6
C 130 11
C 131 11
C 132 8
C 133 16
C 134 9
C 135 16
C 136 11
C 137 11
C 138 14
C 139 23
C 140 20
C 141 3
C 142 21
C 143 23
C 144 12
C 145 25
C 146 1
C 147 0
C 148 12
C 149 10
C 150 23
C 151 12
C 152 14
C 153 8
C 154 10
C 155 9
C 156 15
C 157 16
C 158 22
C 159 5
C 160 7
C 161 17
C 162 8
C 163 10
C 164 2
C 165 7
C 166 24
C 167 26
C 168 15
C 169 11
C 170 6
C 171 2
C 172 8
C 173 10
C 174 26
C 175 22
C 176 26
C 177 3
C 178 9
C 179 6
C 180 11
C 181 23
C 182 7
C 183 12
C 184 18
C 185 9
C 186 21
C 187 0
C 188 22
C 189 20
C 190 5
C 191 11
C 192 11
C 193 4
C 194 19
C 195 19
C 196 1
C 197 4
C 198 12
C 199 1
C 200 12
C 201 14
C 202 15
C 203 5
C 204 21
C 205 12
C 206 18
C 207 7
C 208 4
C 209 18
C 210 22
C 211 22
C 212 25
C 213 25
C 214 17
C 215 1
C 216 26
C 217 7
C 218 26
C 219 9
C 220 8
C 221 3
C 222 24
C 223 9
C 224 5
C 225 11
C 226 4
C 227 6
C 228 18
C 229 20
C 230 1
C 231 16
C 232 22
C 233 21
C 234 3
C 235 15
C 236 17
C 237 6
C 238 3
C 239 23
C 240 4
C 241 21
C 242 22
C 243 11
C 244 15
C 245 8
C 246 2
C 247 7
C 248 26
C 249 4
C 250 4
C 251 20
C 252 20
C 253 23
C 254 9
C 255 6
C 256 11
C 257 14
C 258 16
C 259 16
C 260 14
C 261 12
C 262 23
C 263 14
C 264 2
C 265 22
C 266 11
C 267 11
C 268 26
C 269 11
C 270 1
C 271 23
C 272 17
C 273 4
C 274 2
C 275 24
C 276 3
C 277 25
C 278 17
C 279 23
C 280 10
C 281 14
C 282 9
C 283 12
C 284 1
C 285 20
C 286 14
C 287 15
C 288 12
C 289 21
C 290 16
C 291 24
C 292 10
C 293 14
C 294 20
C 295 2
C 296 24
C 297 6
C 298 2
C 299 26
C 300 4
C 301 6
C 302 18
C 303 12
C 304 1
C 305 3
C 306 18
C 307 15
C 308 26
C 309 6
C 310 25
C 311 17
C 312 19
C 313 19
C 314 12
C 315 21
C 316 10
C 317 4
C 318 17
C 319 26
C 320 3
C 321 3
C 322 15
C 323 5
C 324 14
C 325 25
C 326 0
C 327 19
C 328 24
C 329 15
C 330 1
C 331 23
C 332 10
C 333 12
C 334 10
C 335 24
C 336 23
C 337 22
C 338 20
C 339 8
C 340 20
C 341 17
C 342 7
C 343 11
C 344 12
C 345 10
C 346 10
C 347 26
C 348 23
C 349 15
C 350 2
C 351 15
C 352 9
C 353 17
C 354 1
C 355 7
C 356 3
C 357 15
C 358 7
C 359 11
C 360 20
C 361 26
C 362 3
C 363 0
C 364 21
C 365 5
C 366 10
C 367 18
C 368 6
C 369 18
C 370 23
C 371 1
C 372 24
C 373 15
C 374 5
C 375 0
C 376 0
C 377 0
C 378 0
C 379 0
C 380 0
C 381 0
C 382 0
C 383 0
C 384 0
C 385 0
C 386 0
C 387 0
C 388 0
C 389 0
C 390 0
C 391 0
C 392 0
C 393 0
C 394 0
C 395 0
C 396 20
C 397 10
C 398 6
C 399 14
C 400 23
C 401 3
C 402 5
C 403 3
C 404 3
I 0 2 2 (3,2,0) (0,-1,1,0)|(-1,0,0,0)
I 5 3 38 (2,3,1) (0,-1,-1,0)
I 2 3 15 (2,2,2) (0,-1,0,0)
I 5 1 6 (4,2,3) (0,-1,0,0)
I 5 3 28 (3,5,4) (0,-1,-1,0)|(0,1,-1,0)|(0,0,0,0)|(-1,1,0,0)
