V 31,32,33 I 1 C(0,0,0,0)->ColPos(1.000000,1.000000,2.000000,-2.000000)
V 34,35,36 I 1 C(0,0,0,0)->ColPos(1.000000,1.000000,2.000000,-2.000000)
V 34,35,36 I 1 C(0,0,0,0)->ColPos(1.000000,1.000000,3.000000,-2.000000)
V 31,32,33 I 1 C(0,0,0,0)->ColPos(1.000000,1.000000,2.000000,-2.000000)
V 31,32,33 I 1 C(0,0,0,0)->ColPos(1.000000,1.000000,3.000000,-2.000000)
V 34,35,36 I 1 C(0,0,0,0)->ColPos(1.000000,1.000000,2.000000,-2.000000)
V 31,32,33 I 1 C(0,0,0,0)->ColPos(1.000000,1.000000,2.000000,-2.000000)
V 34,35,36 I 1 C(0,0,0,0)->ColPos(1.000000,1.000000,2.000000,-2.000000)
V 34,35,36 I 1 C(0,0,0,0)->ColPos(1.000000,1.000000,3.000000,-2.000000)
V 31,32,33 I 1 C(0,0,0,0)->ColPos(1.000000,1.000000,3.000000,-2.000000)
V 55,56,57 I 8 C(0,0,0,0)->ColPos(1.000000,1.000000,4.000000,-2.000000)
V 52,53,54 I 8 C(0,0,0,0)->ColPos(1.000000,1.000000,4.000000,-2.000000)
