D (-1,-1,-1) (4,5,1)
D (-1,-1,-1) (5,2,4)
D (-1,-1,-1) (2,4,1)
D (-1,-1,-1) (5,5,2)
D (-1,-1,-1) (5,4,0)
D (-1,-1,-1) (2,3,0)
D (-1,-1,-1) (0,0,4)
D (-1,-1,-1) (5,3,5)
D (-1,-1,-1) (4,2,3)
D (-1,-1,-1) (4,3,5)
D (-1,-1,-1) (3,3,3)
D (-1,-1,-1) (0,0,5)
D (-1,-1,-1) (4,2,2)
D (-1,-1,-1) (4,0,5)
D (-1,-1,-1) (2,5,2)
D (-1,-1,-1) (5,3,1)
D (-1,-1,-1) (4,4,5)
D (-1,-1,-1) (4,5,2)
D (-1,-1,-1) (2,1,2)
D (-1,-1,-1) (1,5,2)
D (-1,-1,-1) (5,4,3)
D (-1,-1,-1) (4,5,5)
D (-1,-1,-1) (1,3,4)
D (-1,-1,-1) (0,2,2)
D (-1,-1,-1) (2,3,2)
D (-1,-1,-1) (4,5,0)
D (-1,-1,-1) (3,1,1)
D (-1,-1,-1) (3,4,0)
D (-1,-1,-1) (4,3,0)
D (-1,-1,-1) (4,4,0)
D (-1,-1,-1) (1,1,2)
D (-1,-1,-1) (2,1,3)
D (-1,-1,-1) (0,4,1)
D (-1,-1,-1) (2,1,1)
D (-1,-1,-1) (0,1,0)
D (-1,-1,-1) (5,2,5)
D (-1,-1,-1) (5,5,0)
D (-1,-1,-1) (2,3,3)
D (-1,-1,-1) (4,1,0)
D (-1,-1,-1) (4,3,3)
D (-1,-1,-1) (2,2,2)
D (-1,-1,-1) (4,0,2)
D (-1,-1,-1) (2,2,0)
D (-1,-1,-1) (0,5,1)
D (-1,-1,-1) (5,1,0)
D (-1,-1,-1) (0,1,3)
D (-1,-1,-1) (4,4,2)
D (-1,-1,-1) (0,4,2)
D (-1,-1,-1) (3,4,1)
D (-1,-1,-1) (5,0,2)
D (-1,-1,-1) (3,2,3)
D (-1,-1,-1) (1,2,3)
D (-1,-1,-1) (5,0,3)
D (-1,-1,-1) (0,0,1)
D (-1,-1,-1) (2,0,0)
D (-1,-1,-1) (5,1,5)
D (-1,-1,-1) (2,2,3)
D (-1,-1,-1) (2,1,4)
D (-1,-1,-1) (0,2,5)
D (-1,-1,-1) (4,1,3)
D (-1,-1,-1) (1,4,2)
D (-1,-1,-1) (0,5,4)
C 0 20
C 1 4
C 2 14
C 3 2
C 4 0
C 5 16
C 6 0
C 7 21
C 8 24
C 9 21
C 10 1
C 11 6
C 12 10
C 13 9
C 14 12
C 15 0
C 16 14
C 17 18
C 18 21
C 19 25
C 20 9
C 21 2
C 22 8
C 23 17
C 24 22
C 25 4
C 26 25
C 27 0
C 28 26
C 29 23
C 30 10
C 31 15
C 32 8
C 33 19
C 34 19
C 35 12
C 36 3
C 37 12
C 38 6
C 39 19
C 40 4
C 41 0
C 42 11
C 43 20
C 44 4
C 45 15
C 46 22
C 47 12
C 48 11
C 49 20
C 50 21
C 51 8
C 52 22
C 53 2
C 54 1
C 55 4
C 56 11
C 57 23
C 58 24
C 59 12
C 60 1
C 61 20
C 62 19
C 63 7
C 64 5
C 65 16
C 66 16
C 67 6
C 68 24
C 69 11
C 70 7
C 71 4
C 72 16
C 73 7
C 74 18
C 75 16
C 76 5
C 77 1
C 78 9
C 79 8
C 80 4
C 81 18
C 82 18
C 83 25
C 84 1
C 85 9
C 86 21
C 87 3
C 88 8
C 89 4
C 90 10
C 91 26
C 92 18
C 93 3
C 94 2
C 95 12
C 96 6
C 97 25
C 98 25
C 99 14
C 100 15
C 101 5
C 102 7
C 103 4
C 104 22
C 105 20
C 106 6
C 107 9
C 108 25
C 109 7
C 110 8
C 111 11
C 112 2
C 113 3
C 114 24
C 115 9
C 116 1
C 117 7
C 118 7
C 119 25
C 120 9
C 121 6
C 122 3
C 123 8
C 124 2
C 125 19
C 126 9
C 127 1
C 128 22
C 129 8
C 130 19
C 131 7
C 132 7
C 133 23
C 134 2
C 135 8
C 136 16
C 137 8
C 138 26
C 139 11
C 140 16
C 141 16
C 142 23
C 143 7
C 144 4
C 145 2
C 146 26
C 147 21
C 148 5
C 149 8
C 150 6
C 151 12
C 152 2
C 153 8
C 154 26
C 155 0
C 156 15
C 157 5
C 158 24
C 159 19
C 160 22
C 161 26
C 162 5
C 163 19
C 164 22
C 165 24
C 166 14
C 167 3
C 168 18
C 169 2
C 170 17
C 171 12
C 172 5
C 173 5
C 174 19
C 175 2
C 176 16
C 177 24
C 178 23
C 179 1
C 180 22
C 181 17
C 182 20
C 183 26
C 184 4
C 185 16
C 186 3
C 187 9
C 188 2
C 189 17
C 190 21
C 191 3
C 192 8
C 193 4
C 194 15
C 195 9
C 196 9
C 197 19
C 198 25
C 199 26
C 200 6
C 201 14
C 202 19
C 203 0
C 204 26
C 205 6
C 206 19
C 207 18
C 208 16
C 209 7
C 210 3
C 211 22
C 212 0
C 213 6
C 214 9
C 215 25
C 216 0
C 217 7
C 218 11
C 219 21
C 220 0
C 221 9
C 222 3
C 223 14
C 224 8
C 225 6
C 226 20
C 227 24
C 228 6
C 229 15
C 230 3
C 231 9
C 232 10
C 233 3
C 234 20
C 235 2
C 236 1
C 237 23
C 238 1
C 239 21
C 240 17
C 241 11
C 242 3
C 243 5
C 244 22
C 245 19
C 246 10
C 247 19
C 248 2
C 249 24
C 250 18
C 251 24
C 252 14
C 253 2
C 254 0
C 255 11
C 256 2
C 257 8
C 258 26
C 259 12
C 260 15
C 261 8
C 262 10
C 263 1
C 264 1
C 265 12
C 266 25
C 267 22
C 268 6
C 269 24
C 270 15
C 271 21
C 272 22
C 273 2
C 274 22
C 275 25
C 276 10
C 277 0
C 278 0
C 279 0
C 280 26
C 281 17
C 282 16
C 283 17
C 284 5
C 285 7
C 286 17
C 287 9
C 288 4
C 289 12
C 290 18
C 291 3
C 292 18
C 293 17
C 294 2
C 295 4
C 296 15
C 297 9
C 298 25
C 299 7
C 300 26
C 301 9
C 302 7
C 303 21
C 304 3
C 305 3
C 306 2
C 307 18
C 308 7
C 309 4
C 310 10
C 311 1
C 312 7
C 313 25
C 314 26
C 315 23
C 316 8
C 317 2
C 318 18
C 319 11
C 320 25
C 321 1
C 322 1
C 323 22
C 324 2
C 325 5
C 326 22
C 327 7
C 328 2
C 329 23
C 330 5
C 331 12
C 332 14
C 333 20
C 334 5
C 335 6
C 336 6
C 337 10
C 338 15
C 339 2
C 340 7
C 341 23
C 342 20
C 343 11
C 344 2
C 345 8
C 346 16
C 347 10
C 348 11
C 349 5
C 350 14
C 351 24
C 352 15
C 353 3
C 354 2
C 355 12
C 356 12
C 357 2
C 358 9
C 359 23
C 360 7
C 361 15
C 362 15
C 363 10
C 364 26
C 365 8
C 366 25
C 367 8
C 368 16
C 369 7
C 370 25
C 371 2
C 372 0
C 373 11
C 374 0
C 375 14
C 376 8
C 377 16
C 378 7
C 379 24
C 380 17
C 381 9
C 382 14
C 383 22
C 384 21
C 385 24
C 386 19
C 387 12
C 388 3
C 389 11
C 390 24
C 391 24
C 392 15
C 393 16
C 394 11
C 395 14
C 396 20
C 397 11
C 398 9
C 399 12
C 400 14
C 401 18
C 402 9
C 403 6
C 404 17
I 1 2 28 (2,2,3) (1,0,0,0)|(-1,0,-1,0)|(1,0,-1,0)|(1,1,1,0)|(1,-1,0,0)
I 2 3 13 (3,2,2) (0,0,0,0)
