D (-1,-1,-1) (0,3,5)
D (-1,-1,-1) (5,3,1)
D (-1,-1,-1) (1,5,0)
D (-1,-1,-1) (2,1,1)
D (-1,-1,-1) (2,2,3)
D (-1,-1,-1) (1,0,1)
D (-1,-1,-1) (3,1,1)
D (-1,-1,-1) (1,3,0)
D (-1,-1,-1) (4,1,4)
D (-1,-1,-1) (2,0,3)
D (-1,-1,-1) (5,4,1)
D (-1,-1,-1) (5,1,1)
D (-1,-1,-1) (5,4,4)
D (-1,-1,-1) (0,1,2)
D (-1,-1,-1) (3,3,0)
D (-1,-1,-1) (4,1,3)
D (-1,-1,-1) (1,2,3)
D (-1,-1,-1) (2,0,2)
D (-1,-1,-1) (4,3,3)
D (-1,-1,-1) (3,2,4)
D (-1,-1,-1) (5,2,0)
D (-1,-1,-1) (4,5,2)
D (-1,-1,-1) (1,0,4)
D (-1,-1,-1) (5,4,3)
D (-1,-1,-1) (1,5,2)
D (-1,-1,-1) (3,3,5)
D (-1,-1,-1) (2,4,2)
D (-1,-1,-1) (5,1,3)
D (-1,-1,-1) (5,1,4)
D (-1,-1,-1) (4,0,4)
D (-1,-1,-1) (1,4,3)
D (-1,-1,-1) (3,2,5)
D (-1,-1,-1) (4,2,2)
D (-1,-1,-1) (3,5,5)
D (-1,-1,-1) (2,3,0)
D (-1,-1,-1) (1,3,4)
D (-1,-1,-1) (2,1,0)
D (-1,-1,-1) (1,4,5)
D (-1,-1,-1) (5,2,4)
D (-1,-1,-1) (1,1,0)
D (-1,-1,-1) (4,5,3)
D (-1,-1,-1) (5,5,1)
D (-1,-1,-1) (2,5,4)
D (-1,-1,-1) (2,4,5)
D (-1,-1,-1) (0,3,4)
D (-1,-1,-1) (0,4,2)
C 0 6
C 1 25
C 2 26
C 3 6
C 4 9
C 5 25
C 6 15
C 7 9
C 8 21
C 9 11
C 10 23
C 11 10
C 12 16
C 13 9
C 14 22
C 15 3
C 16 22
C 17 23
C 18 23
C 19 21
C 20 11
C 21 23
C 22 0
C 23 4
C 24 6
C 25 20
C 26 10
C 27 12
C 28 10
C 29 20
C 30 17
C 31 22
C 32 26
C 33 18
C 34 9
C 35 11
C 36 20
C 37 2
C 38 11
C 39 6
C 40 11
C 41 25
C 42 26
C 43 14
C 44 21
C 45 23
C 46 3
C 47 26
C 48 18
C 49 8
C 50 0
C 51 11
C 52 11
C 53 15
C 54 11
C 55 17
C 56 9
C 57 20
C 58 21
C 59 9
C 60 24
C 61 1
C 62 7
C 63 24
C 64 9
C 65 4
C 66 15
C 67 19
C 68 17
C 69 16
C 70 20
C 71 24
C 72 10
C 73 8
C 74 23
C 75 21
C 76 19
C 77 24
C 78 16
C 79 15
C 80 10
C 81 7
C 82 11
C 83 23
C 84 10
C 85 3
C 86 2
C 87 2
C 88 16
C 89 7
C 90 1
C 91 16
C 92 15
C 93 24
C 94 8
C 95 10
C 96 3
C 97 24
C 98 2
C 99 9
C 100 17
C 101 24
C 102 19
C 103 17
C 104 11
C 105 16
C 106 18
C 107 4
C 108 20
C 109 7
C 110 15
C 111 22
C 112 2
C 113 8
C 114 20
C 115 22
C 116 25
C 117 16
C 118 22
C 119 6
C 120 9
C 121 25
C 122 22
C 123 2
C 124 2
C 125 3
C 126 21
C 127 24
C 128 0
C 129 6
C 130 6
C 131 5
C 132 5
C 133 1
C 134 0
C 135 18
C 136 23
C 137 14
C 138 5
C 139 23
C 140 17
C 141 17
C 142 10
C 143 17
C 144 9
C 145 25
C 146 22
C 147 0
C 148 0
C 149 0
C 150 0
C 151 0
C 152 0
C 153 0
C 154 0
C 155 0
C 156 0
C 157 0
C 158 0
C 159 0
C 160 0
C 161 0
C 162 0
C 163 0
C 164 0
C 165 0
C 166 0
C 167 0
C 168 0
C 169 0
C 170 0
C 171 0
C 172 0
C 173 0
C 174 0
C 175 0
C 176 0
C 177 0
C 178 0
C 179 0
C 180 0
C 181 0
C 182 0
C 183 0
C 184 0
C 185 0
C 186 0
C 187 0
C 188 0
C 189 0
C 190 0
C 191 0
C 192 0
C 193 0
C 194 0
C 195 0
C 196 0
C 197 0
C 198 0
C 199 0
C 200 0
C 201 0
C 202 0
C 203 0
C 204 0
C 205 0
C 206 0
C 207 0
C 208 0
C 209 5
C 210 8
C 211 18
C 212 17
C 213 7
C 214 4
C 215 11
C 216 12
C 217 10
C 218 25
C 219 3
C 220 18
C 221 19
C 222 9
C 223 25
C 224 6
C 225 20
C 226 26
C 227 10
C 228 24
C 229 16
C 230 25
C 231 3
C 232 15
C 233 18
C 234 9
C 235 2
C 236 17
C 237 16
C 238 5
C 239 15
C 240 22
C 241 16
C 242 18
C 243 16
C 244 1
C 245 26
C 246 8
C 247 18
C 248 5
C 249 10
C 250 21
C 251 8
C 252 11
C 253 21
C 254 14
C 255 15
C 256 25
C 257 21
C 258 8
C 259 15
C 260 10
C 261 3
C 262 8
C 263 22
C 264 2
C 265 20
C 266 26
C 267 16
C 268 26
C 269 24
C 270 16
C 271 24
C 272 26
C 273 17
C 274 3
C 275 4
C 276 17
C 277 11
C 278 21
C 279 14
C 280 0
C 281 5
C 282 24
C 283 8
C 284 5
C 285 5
C 286 24
C 287 7
C 288 21
C 289 15
C 290 25
C 291 11
C 292 21
C 293 0
C 294 12
C 295 26
C 296 20
C 297 24
C 298 1
C 299 15
C 300 24
C 301 21
C 302 7
C 303 20
C 304 24
C 305 6
C 306 10
C 307 7
C 308 24
C 309 0
C 310 19
C 311 5
C 312 10
C 313 10
C 314 22
C 315 23
C 316 19
C 317 20
C 318 25
C 319 3
C 320 22
C 321 23
C 322 26
C 323 5
C 324 19
C 325 1
C 326 12
C 327 23
C 328 15
C 329 4
C 330 16
C 331 6
C 332 1
C 333 17
C 334 17
C 335 0
C 336 8
C 337 17
C 338 19
C 339 16
C 340 8
C 341 22
C 342 9
C 343 3
C 344 26
C 345 18
C 346 9
C 347 22
C 348 1
C 349 26
C 350 11
C 351 14
C 352 8
C 353 19
C 354 23
C 355 9
C 356 4
C 357 2
C 358 1
C 359 17
C 360 5
C 361 20
C 362 22
C 363 8
C 364 21
C 365 17
C 366 23
C 367 19
C 368 10
C 369 1
C 370 19
C 371 6
C 372 26
C 373 16
C 374 6
C 375 14
C 376 23
C 377 6
C 378 18
C 379 6
C 380 5
C 381 8
C 382 9
C 383 8
C 384 7
C 385 4
C 386 24
C 387 2
C 388 1
C 389 16
C 390 2
C 391 20
C 392 0
C 393 14
C 394 18
C 395 7
C 396 26
C 397 2
C 398 2
C 399 16
C 400 11
C 401 26
C 402 18
C 403 26
C 404 15
I 0 3 35 (5,1,4) (0,0,-1,0)|(-1,-1,1,0)
