D (-1,-1,-1) (1,3,3)
D (-1,-1,-1) (5,5,0)
D (-1,-1,-1) (1,0,4)
D (-1,-1,-1) (4,3,4)
D (-1,-1,-1) (4,0,4)
D (-1,-1,-1) (3,1,5)
D (-1,-1,-1) (2,5,4)
D (-1,-1,-1) (3,2,0)
D (-1,-1,-1) (5,5,5)
D (-1,-1,-1) (0,0,4)
D (-1,-1,-1) (5,1,3)
D (-1,-1,-1) (2,1,5)
D (-1,-1,-1) (3,2,2)
D (-1,-1,-1) (3,3,1)
D (-1,-1,-1) (1,5,0)
D (-1,-1,-1) (1,2,5)
D (-1,-1,-1) (1,5,5)
D (-1,-1,-1) (3,5,3)
D (-1,-1,-1) (1,3,1)
D (-1,-1,-1) (2,0,2)
D (-1,-1,-1) (4,4,1)
D (-1,-1,-1) (1,2,0)
D (-1,-1,-1) (0,1,4)
D (-1,-1,-1) (4,5,3)
D (-1,-1,-1) (2,4,3)
C 0 24
C 1 11
C 2 23
C 3 15
C 4 16
C 5 8
C 6 25
C 7 12
C 8 14
C 9 4
C 10 25
C 11 10
C 12 24
C 13 14
C 14 5
C 15 8
C 16 2
C 17 8
C 18 22
C 19 1
C 20 12
C 21 22
C 22 12
C 23 10
C 24 19
C 25 1
C 26 0
C 27 0
C 28 0
C 29 0
C 30 0
C 31 0
C 32 0
C 33 0
C 34 0
C 35 0
C 36 0
C 37 0
C 38 0
C 39 0
C 40 0
C 41 0
C 42 0
C 43 0
C 44 0
C 45 0
C 46 0
C 47 0
C 48 0
C 49 0
C 50 0
C 51 0
C 52 0
C 53 0
C 54 0
C 55 0
C 56 0
C 57 0
C 58 0
C 59 0
C 60 0
C 61 0
C 62 0
C 63 0
C 64 0
C 65 0
C 66 0
C 67 0
C 68 0
C 69 0
C 70 0
C 71 0
C 72 0
C 73 0
C 74 0
C 75 0
C 76 0
C 77 0
C 78 0
C 79 0
C 80 0
C 81 0
C 82 0
C 83 0
C 84 0
C 85 0
C 86 0
C 87 0
C 88 0
C 89 0
C 90 0
C 91 0
C 92 0
C 93 0
C 94 0
C 95 0
C 96 0
C 97 0
C 98 0
C 99 0
C 100 0
C 101 0
C 102 0
C 103 0
C 104 0
C 105 0
C 106 0
C 107 0
C 108 0
C 109 0
C 110 0
C 111 0
C 112 0
C 113 0
C 114 0
C 115 0
C 116 0
C 117 0
C 118 0
C 119 0
C 120 0
C 121 0
C 122 0
C 123 0
C 124 0
C 125 0
C 126 0
C 127 0
C 128 0
C 129 0
C 130 0
C 131 0
C 132 0
C 133 0
C 134 0
C 135 0
C 136 0
C 137 0
C 138 0
C 139 0
C 140 0
C 141 0
C 142 0
C 143 0
C 144 0
C 145 0
C 146 0
C 147 0
C 148 0
C 149 0
C 150 0
C 151 0
C 152 0
C 153 0
C 154 0
C 155 0
C 156 0
C 157 0
C 158 0
C 159 0
C 160 0
C 161 0
C 162 21
C 163 5
C 164 26
C 165 1
C 166 17
C 167 6
C 168 2
C 169 19
C 170 24
C 171 10
C 172 20
C 173 20
C 174 15
C 175 1
C 176 17
C 177 24
C 178 5
C 179 24
C 180 2
C 181 9
C 182 15
C 183 21
C 184 3
C 185 24
C 186 16
C 187 24
C 188 25
C 189 2
C 190 3
C 191 5
C 192 12
C 193 7
C 194 14
C 195 15
C 196 0
C 197 3
C 198 19
C 199 7
C 200 21
C 201 5
C 202 15
C 203 20
C 204 9
C 205 17
C 206 11
C 207 8
C 208 18
C 209 3
C 210 0
C 211 15
C 212 21
C 213 6
C 214 7
C 215 14
C 216 25
C 217 25
C 218 4
C 219 0
C 220 1
C 221 24
C 222 0
C 223 22
C 224 9
C 225 23
C 226 6
C 227 24
C 228 6
C 229 6
C 230 1
C 231 5
C 232 15
C 233 15
C 234 21
C 235 14
C 236 8
C 237 6
C 238 24
C 239 25
C 240 9
C 241 25
C 242 2
C 243 24
C 244 0
C 245 0
C 246 0
C 247 0
C 248 0
C 249 0
C 250 0
C 251 0
C 252 0
C 253 0
C 254 0
C 255 0
C 256 0
C 257 0
C 258 0
C 259 0
C 260 0
C 261 0
C 262 0
C 263 0
C 264 0
C 265 0
C 266 0
C 267 0
C 268 0
C 269 0
C 270 0
C 271 0
C 272 0
C 273 0
C 274 0
C 275 0
C 276 0
C 277 0
C 278 0
C 279 0
C 280 0
C 281 0
C 282 0
C 283 0
C 284 0
C 285 0
C 286 0
C 287 0
C 288 0
C 289 0
C 290 0
C 291 0
C 292 0
C 293 0
C 294 0
C 295 0
C 296 0
C 297 0
C 298 0
C 299 0
C 300 0
C 301 0
C 302 0
C 303 0
C 304 0
C 305 0
C 306 0
C 307 0
C 308 0
C 309 0
C 310 0
C 311 0
C 312 0
C 313 0
C 314 0
C 315 0
C 316 0
C 317 0
C 318 0
C 319 0
C 320 0
C 321 0
C 322 0
C 323 0
C 324 0
C 325 0
C 326 0
C 327 0
C 328 0
C 329 0
C 330 0
C 331 0
C 332 0
C 333 0
C 334 0
C 335 0
C 336 0
C 337 0
C 338 0
C 339 0
C 340 0
C 341 0
C 342 0
C 343 0
C 344 0
C 345 0
C 346 0
C 347 0
C 348 0
C 349 0
C 350 0
C 351 0
C 352 0
C 353 0
C 354 0
C 355 0
C 356 0
C 357 0
C 358 0
C 359 0
C 360 0
C 361 0
C 362 0
C 363 0
C 364 0
C 365 0
C 366 0
C 367 0
C 368 0
C 369 0
C 370 0
C 371 0
C 372 0
C 373 0
C 374 0
C 375 0
C 376 0
C 377 0
C 378 0
C 379 0
C 380 0
C 381 0
C 382 0
C 383 0
C 384 0
C 385 0
C 386 0
C 387 0
C 388 0
C 389 0
C 390 0
C 391 0
C 392 0
C 393 0
C 394 0
C 395 0
C 396 0
C 397 0
C 398 0
C 399 20
C 400 15
C 401 19
C 402 0
C 403 6
C 404 25
I 4 1 1 (2,4,3) (1,1,0,0)
I 4 3 1 (1,4,4) (0,1,1,0)|(-1,0,-1,0)|(0,0,0,0)
I 0 3 23 (4,3,0) (0,-1,0,0)
I 1 2 18 (2,3,2) (1,-1,-1,0)
I 3 2 40 (5,2,0) (1,1,-1,0)|(1,-1,0,0)|(1,-1,1,0)
