D (-1,-1,-1) (5,4,4)
D (-1,-1,-1) (4,5,4)
D (-1,-1,-1) (3,2,0)
D (-1,-1,-1) (4,1,5)
D (-1,-1,-1) (1,4,5)
D (-1,-1,-1) (1,0,2)
D (-1,-1,-1) (2,2,2)
D (-1,-1,-1) (2,2,3)
D (-1,-1,-1) (0,2,4)
D (-1,-1,-1) (2,4,1)
D (-1,-1,-1) (1,3,3)
D (-1,-1,-1) (4,0,2)
D (-1,-1,-1) (3,2,3)
D (-1,-1,-1) (1,2,1)
D (-1,-1,-1) (5,1,3)
D (-1,-1,-1) (5,2,1)
D (-1,-1,-1) (3,0,3)
D (-1,-1,-1) (1,1,3)
D (-1,-1,-1) (3,1,2)
D (-1,-1,-1) (0,3,4)
D (-1,-1,-1) (0,0,5)
D (-1,-1,-1) (1,2,4)
D (-1,-1,-1) (5,4,2)
D (-1,-1,-1) (5,2,4)
D (-1,-1,-1) (5,3,2)
D (-1,-1,-1) (4,3,5)
D (-1,-1,-1) (1,4,3)
D (-1,-1,-1) (3,1,4)
D (-1,-1,-1) (5,3,4)
D (-1,-1,-1) (0,0,2)
D (-1,-1,-1) (5,4,0)
D (-1,-1,-1) (0,4,3)
D (-1,-1,-1) (1,3,1)
D (-1,-1,-1) (2,3,4)
D (-1,-1,-1) (5,5,4)
D (-1,-1,-1) (4,1,4)
D (-1,-1,-1) (2,5,3)
D (-1,-1,-1) (1,5,4)
D (-1,-1,-1) (1,4,0)
D (-1,-1,-1) (0,2,2)
D (-1,-1,-1) (1,3,0)
D (-1,-1,-1) (0,5,4)
D (-1,-1,-1) (0,4,0)
D (-1,-1,-1) (3,3,5)
D (-1,-1,-1) (2,2,5)
D (-1,-1,-1) (1,0,3)
D (-1,-1,-1) (4,0,5)
D (-1,-1,-1) (4,4,1)
D (-1,-1,-1) (5,4,5)
D (-1,-1,-1) (5,0,2)
D (-1,-1,-1) (5,5,1)
D (-1,-1,-1) (1,5,0)
D (-1,-1,-1) (5,2,5)
C 0 18
C 1 4
C 2 18
C 3 0
C 4 0
C 5 0
C 6 0
C 7 0
C 8 0
C 9 0
C 10 0
C 11 0
C 12 0
C 13 0
C 14 0
C 15 0
C 16 9
C 17 8
C 18 12
C 19 1
C 20 0
C 21 8
C 22 1
C 23 10
C 24 25
C 25 23
C 26 10
C 27 2
C 28 8
C 29 1
C 30 7
C 31 16
C 32 14
C 33 12
C 34 2
C 35 2
C 36 20
C 37 6
C 38 0
C 39 22
C 40 10
C 41 7
C 42 2
C 43 1
C 44 1
C 45 21
C 46 19
C 47 26
C 48 9
C 49 5
C 50 9
C 51 23
C 52 12
C 53 24
C 54 26
C 55 14
C 56 6
C 57 1
C 58 1
C 59 14
C 60 23
C 61 8
C 62 20
C 63 0
C 64 21
C 65 10
C 66 12
C 67 5
C 68 15
C 69 9
C 70 11
C 71 20
C 72 8
C 73 15
C 74 7
C 75 11
C 76 10
C 77 24
C 78 19
C 79 14
C 80 21
C 81 14
C 82 8
C 83 12
C 84 21
C 85 1
C 86 0
C 87 0
C 88 0
C 89 0
C 90 0
C 91 0
C 92 0
C 93 0
C 94 0
C 95 0
C 96 0
C 97 8
C 98 7
C 99 19
C 100 4
C 101 21
C 102 4
C 103 5
C 104 1
C 105 0
C 106 0
C 107 0
C 108 0
C 109 0
C 110 0
C 111 0
C 112 0
C 113 0
C 114 0
C 115 0
C 116 0
C 117 0
C 118 0
C 119 0
C 120 0
C 121 0
C 122 0
C 123 0
C 124 0
C 125 0
C 126 0
C 127 0
C 128 0
C 129 0
C 130 0
C 131 0
C 132 0
C 133 0
C 134 0
C 135 0
C 136 0
C 137 0
C 138 0
C 139 0
C 140 0
C 141 0
C 142 0
C 143 0
C 144 0
C 145 0
C 146 0
C 147 0
C 148 0
C 149 0
C 150 0
C 151 0
C 152 0
C 153 0
C 154 0
C 155 0
C 156 0
C 157 0
C 158 0
C 159 0
C 160 0
C 161 0
C 162 0
C 163 0
C 164 0
C 165 0
C 166 0
C 167 0
C 168 0
C 169 0
C 170 0
C 171 0
C 172 0
C 173 0
C 174 0
C 175 0
C 176 0
C 177 0
C 178 0
C 179 0
C 180 0
C 181 0
C 182 0
C 183 0
C 184 0
C 185 0
C 186 0
C 187 0
C 188 0
C 189 0
C 190 0
C 191 0
C 192 0
C 193 0
C 194 0
C 195 0
C 196 0
C 197 0
C 198 0
C 199 0
C 200 0
C 201 0
C 202 0
C 203 0
C 204 0
C 205 0
C 206 0
C 207 6
C 208 6
C 209 3
C 210 21
C 211 25
C 212 18
C 213 16
C 214 15
C 215 26
C 216 16
C 217 1
C 218 18
C 219 10
C 220 17
C 221 20
C 222 3
C 223 17
C 224 25
C 225 20
C 226 5
C 227 0
C 228 0
C 229 0
C 230 0
C 231 0
C 232 0
C 233 0
C 234 0
C 235 0
C 236 0
C 237 0
C 238 0
C 239 0
C 240 0
C 241 0
C 242 0
C 243 0
C 244 0
C 245 0
C 246 0
C 247 0
C 248 0
C 249 0
C 250 0
C 251 0
C 252 0
C 253 0
C 254 0
C 255 0
C 256 0
C 257 0
C 258 0
C 259 0
C 260 0
C 261 0
C 262 0
C 263 0
C 264 0
C 265 0
C 266 0
C 267 0
C 268 0
C 269 0
C 270 0
C 271 0
C 272 0
C 273 0
C 274 0
C 275 0
C 276 0
C 277 0
C 278 0
C 279 0
C 280 0
C 281 0
C 282 0
C 283 3
C 284 4
C 285 0
C 286 0
C 287 0
C 288 0
C 289 0
C 290 0
C 291 0
C 292 0
C 293 0
C 294 0
C 295 0
C 296 0
C 297 0
C 298 0
C 299 0
C 300 0
C 301 0
C 302 0
C 303 0
C 304 0
C 305 0
C 306 0
C 307 0
C 308 0
C 309 0
C 310 0
C 311 0
C 312 0
C 313 0
C 314 0
C 315 0
C 316 0
C 317 0
C 318 0
C 319 0
C 320 0
C 321 0
C 322 0
C 323 0
C 324 0
C 325 0
C 326 0
C 327 0
C 328 0
C 329 0
C 330 0
C 331 0
C 332 0
C 333 0
C 334 0
C 335 0
C 336 0
C 337 22
C 338 3
C 339 3
C 340 15
C 341 20
C 342 8
C 343 10
C 344 22
C 345 18
C 346 20
C 347 0
C 348 8
C 349 10
C 350 23
C 351 3
C 352 9
C 353 6
C 354 3
C 355 10
C 356 9
C 357 17
C 358 6
C 359 10
C 360 11
C 361 24
C 362 5
C 363 26
C 364 9
C 365 11
C 366 10
C 367 20
C 368 8
C 369 23
C 370 16
C 371 8
C 372 2
C 373 7
C 374 6
C 375 8
C 376 0
C 377 14
C 378 11
C 379 23
C 380 5
C 381 19
C 382 9
C 383 23
C 384 21
C 385 10
C 386 9
C 387 0
C 388 5
C 389 26
C 390 2
C 391 18
C 392 17
C 393 0
C 394 11
C 395 9
C 396 15
C 397 20
C 398 6
C 399 5
C 400 0
C 401 2
C 402 18
C 403 4
C 404 10
I 5 1 33 (4,2,3) (-1,0,1,0)
I 0 3 1 (2,5,1) (0,-1,0,0)|(0,0,1,0)
I 1 2 3 (4,1,3) (-1,1,-1,0)
I 4 3 2 (3,3,0) (-1,0,0,0)
