D (-1,-1,-1) (1,1,0)
D (-1,-1,-1) (4,5,2)
D (-1,-1,-1) (3,0,3)
D (-1,-1,-1) (4,4,1)
D (-1,-1,-1) (1,2,4)
D (-1,-1,-1) (3,0,2)
D (-1,-1,-1) (0,4,5)
D (-1,-1,-1) (4,0,1)
D (-1,-1,-1) (3,1,1)
D (-1,-1,-1) (2,5,5)
D (-1,-1,-1) (4,0,2)
D (-1,-1,-1) (0,2,3)
D (-1,-1,-1) (3,0,0)
D (-1,-1,-1) (2,0,5)
D (-1,-1,-1) (3,5,3)
D (-1,-1,-1) (5,1,5)
D (-1,-1,-1) (4,0,4)
D (-1,-1,-1) (0,0,5)
D (-1,-1,-1) (4,3,4)
D (-1,-1,-1) (2,2,0)
D (-1,-1,-1) (0,2,0)
D (-1,-1,-1) (1,4,3)
D (-1,-1,-1) (1,2,1)
D (-1,-1,-1) (2,4,1)
D (-1,-1,-1) (3,3,2)
D (-1,-1,-1) (3,0,5)
D (-1,-1,-1) (4,3,1)
D (-1,-1,-1) (1,3,0)
D (-1,-1,-1) (0,1,0)
D (-1,-1,-1) (3,5,2)
D (-1,-1,-1) (1,0,5)
D (-1,-1,-1) (1,0,2)
D (-1,-1,-1) (4,2,1)
D (-1,-1,-1) (3,4,0)
D (-1,-1,-1) (0,0,1)
D (-1,-1,-1) (2,2,4)
D (-1,-1,-1) (0,1,2)
D (-1,-1,-1) (5,5,5)
D (-1,-1,-1) (4,2,3)
D (-1,-1,-1) (5,2,3)
D (-1,-1,-1) (4,3,0)
D (-1,-1,-1) (3,1,3)
D (-1,-1,-1) (3,3,4)
D (-1,-1,-1) (4,3,3)
D (-1,-1,-1) (0,3,5)
D (-1,-1,-1) (5,3,2)
C 0 25
C 1 15
C 2 15
C 3 19
C 4 12
C 5 25
C 6 15
C 7 23
C 8 6
C 9 11
C 10 2
C 11 23
C 12 1
C 13 3
C 14 24
C 15 12
C 16 21
C 17 25
C 18 16
C 19 12
C 20 25
C 21 14
C 22 23
C 23 16
C 24 17
C 25 16
C 26 14
C 27 3
C 28 17
C 29 22
C 30 24
C 31 17
C 32 9
C 33 21
C 34 20
C 35 3
C 36 19
C 37 18
C 38 18
C 39 11
C 40 16
C 41 6
C 42 23
C 43 10
C 44 11
C 45 6
C 46 8
C 47 5
C 48 5
C 49 2
C 50 5
C 51 8
C 52 22
C 53 17
C 54 9
C 55 10
C 56 23
C 57 1
C 58 0
C 59 3
C 60 16
C 61 19
C 62 9
C 63 12
C 64 8
C 65 9
C 66 1
C 67 19
C 68 10
C 69 9
C 70 15
C 71 10
C 72 6
C 73 5
C 74 0
C 75 9
C 76 25
C 77 6
C 78 2
C 79 7
C 80 20
C 81 7
C 82 1
C 83 19
C 84 9
C 85 17
C 86 4
C 87 3
C 88 15
C 89 12
C 90 1
C 91 5
C 92 3
C 93 20
C 94 18
C 95 22
C 96 14
C 97 9
C 98 14
C 99 26
C 100 18
C 101 5
C 102 26
C 103 24
C 104 11
C 105 9
C 106 10
C 107 21
C 108 11
C 109 0
C 110 19
C 111 8
C 112 4
C 113 23
C 114 2
C 115 15
C 116 0
C 117 22
C 118 3
C 119 12
C 120 9
C 121 0
C 122 22
C 123 20
C 124 24
C 125 5
C 126 24
C 127 4
C 128 9
C 129 3
C 130 4
C 131 17
C 132 24
C 133 11
C 134 10
C 135 9
C 136 10
C 137 0
C 138 19
C 139 25
C 140 0
C 141 9
C 142 17
C 143 10
C 144 17
C 145 11
C 146 18
C 147 8
C 148 15
C 149 22
C 150 23
C 151 0
C 152 0
C 153 0
C 154 0
C 155 0
C 156 0
C 157 0
C 158 0
C 159 0
C 160 0
C 161 0
C 162 0
C 163 0
C 164 0
C 165 0
C 166 0
C 167 0
C 168 0
C 169 0
C 170 0
C 171 0
C 172 0
C 173 0
C 174 0
C 175 0
C 176 0
C 177 0
C 178 0
C 179 0
C 180 0
C 181 0
C 182 0
C 183 0
C 184 0
C 185 0
C 186 0
C 187 0
C 188 0
C 189 0
C 190 0
C 191 0
C 192 0
C 193 0
C 194 0
C 195 0
C 196 0
C 197 0
C 198 0
C 199 0
C 200 0
C 201 0
C 202 0
C 203 0
C 204 0
C 205 0
C 206 0
C 207 0
C 208 0
C 209 0
C 210 0
C 211 0
C 212 0
C 213 0
C 214 0
C 215 0
C 216 0
C 217 0
C 218 0
C 219 0
C 220 0
C 221 0
C 222 0
C 223 0
C 224 0
C 225 0
C 226 0
C 227 0
C 228 0
C 229 0
C 230 0
C 231 0
C 232 0
C 233 0
C 234 0
C 235 0
C 236 0
C 237 22
C 238 6
C 239 3
C 240 0
C 241 23
C 242 14
C 243 20
C 244 17
C 245 22
C 246 18
C 247 11
C 248 24
C 249 25
C 250 19
C 251 10
C 252 26
C 253 7
C 254 19
C 255 1
C 256 10
C 257 12
C 258 4
C 259 2
C 260 2
C 261 7
C 262 3
C 263 10
C 264 9
C 265 16
C 266 11
C 267 24
C 268 16
C 269 4
C 270 24
C 271 19
C 272 17
C 273 17
C 274 15
C 275 20
C 276 22
C 277 10
C 278 19
C 279 16
C 280 23
C 281 17
C 282 9
C 283 14
C 284 4
C 285 15
C 286 10
C 287 20
C 288 0
C 289 12
C 290 25
C 291 0
C 292 18
C 293 15
C 294 24
C 295 4
C 296 24
C 297 26
C 298 26
C 299 2
C 300 16
C 301 23
C 302 8
C 303 15
C 304 24
C 305 24
C 306 1
C 307 10
C 308 3
C 309 0
C 310 25
C 311 16
C 312 6
C 313 17
C 314 11
C 315 4
C 316 18
C 317 18
C 318 0
C 319 0
C 320 24
C 321 16
C 322 24
C 323 9
C 324 9
C 325 4
C 326 18
C 327 12
C 328 3
C 329 20
C 330 6
C 331 25
C 332 10
C 333 9
C 334 25
C 335 7
C 336 21
C 337 5
C 338 23
C 339 12
C 340 19
C 341 2
C 342 9
C 343 19
C 344 22
C 345 11
C 346 7
C 347 3
C 348 21
C 349 4
C 350 22
C 351 9
C 352 7
C 353 12
C 354 26
C 355 16
C 356 1
C 357 20
C 358 26
C 359 16
C 360 8
C 361 9
C 362 22
C 363 12
C 364 26
C 365 6
C 366 12
C 367 19
C 368 17
C 369 2
C 370 19
C 371 22
C 372 19
C 373 22
C 374 3
C 375 3
C 376 10
C 377 2
C 378 1
C 379 17
C 380 22
C 381 21
C 382 22
C 383 12
C 384 10
C 385 22
C 386 2
C 387 4
C 388 4
C 389 15
C 390 8
C 391 7
C 392 6
C 393 8
C 394 7
C 395 24
C 396 1
C 397 17
C 398 12
C 399 8
C 400 7
C 401 2
C 402 26
C 403 26
C 404 24
I 1 2 6 (0,2,2) (0,1,0,0)|(0,-1,1,0)|(1,1,0,0)|(-1,-1,0,0)|(-1,0,1,0)
I 4 2 18 (4,4,0) (0,-1,0,0)
I 4 3 28 (2,5,3) (0,0,0,0)|(1,-1,0,0)|(0,-1,1,0)|(1,1,1,0)
I 5 1 29 (1,4,2) (-1,0,-1,0)
