D (-1,-1,-1) (4,1,3)
D (-1,-1,-1) (0,3,5)
D (-1,-1,-1) (1,1,5)
D (-1,-1,-1) (1,4,3)
D (-1,-1,-1) (2,1,5)
D (-1,-1,-1) (2,4,1)
D (-1,-1,-1) (1,2,4)
D (-1,-1,-1) (1,3,5)
D (-1,-1,-1) (2,0,4)
D (-1,-1,-1) (3,3,3)
D (-1,-1,-1) (0,2,2)
D (-1,-1,-1) (2,5,3)
D (-1,-1,-1) (1,4,5)
D (-1,-1,-1) (4,4,2)
D (-1,-1,-1) (1,2,0)
D (-1,-1,-1) (5,4,0)
D (-1,-1,-1) (4,2,0)
D (-1,-1,-1) (2,2,3)
D (-1,-1,-1) (2,2,5)
D (-1,-1,-1) (2,4,2)
D (-1,-1,-1) (4,3,5)
D (-1,-1,-1) (1,3,2)
D (-1,-1,-1) (2,4,4)
D (-1,-1,-1) (4,2,5)
D (-1,-1,-1) (2,5,0)
D (-1,-1,-1) (5,0,3)
D (-1,-1,-1) (2,2,4)
D (-1,-1,-1) (3,5,2)
D (-1,-1,-1) (4,1,1)
D (-1,-1,-1) (5,3,0)
D (-1,-1,-1) (3,4,2)
D (-1,-1,-1) (2,0,2)
D (-1,-1,-1) (5,1,4)
D (-1,-1,-1) (3,5,3)
D (-1,-1,-1) (5,0,2)
D (-1,-1,-1) (3,2,5)
D (-1,-1,-1) (0,3,4)
D (-1,-1,-1) (0,4,5)
D (-1,-1,-1) (3,5,0)
D (-1,-1,-1) (1,1,2)
D (-1,-1,-1) (5,1,1)
D (-1,-1,-1) (4,5,2)
D (-1,-1,-1) (4,0,3)
D (-1,-1,-1) (4,2,1)
D (-1,-1,-1) (4,4,4)
D (-1,-1,-1) (2,1,1)
D (-1,-1,-1) (0,5,4)
D (-1,-1,-1) (5,4,4)
D (-1,-1,-1) (3,4,1)
D (-1,-1,-1) (1,4,4)
D (-1,-1,-1) (4,1,5)
D (-1,-1,-1) (4,3,4)
D (-1,-1,-1) (4,4,0)
D (-1,-1,-1) (2,4,3)
D (-1,-1,-1) (2,1,3)
D (-1,-1,-1) (3,2,2)
C 0 14
C 1 7
C 2 19
C 3 7
C 4 12
C 5 17
C 6 21
C 7 1
C 8 9
C 9 22
C 10 25
C 11 9
C 12 26
C 13 0
C 14 20
C 15 26
C 16 26
C 17 7
C 18 16
C 19 10
C 20 8
C 21 6
C 22 23
C 23 17
C 24 19
C 25 9
C 26 14
C 27 18
C 28 1
C 29 16
C 30 16
C 31 18
C 32 20
C 33 19
C 34 2
C 35 5
C 36 22
C 37 21
C 38 9
C 39 5
C 40 15
C 41 23
C 42 19
C 43 26
C 44 26
C 45 26
C 46 10
C 47 23
C 48 12
C 49 15
C 50 7
C 51 23
C 52 7
C 53 17
C 54 15
C 55 5
C 56 9
C 57 1
C 58 16
C 59 12
C 60 18
C 61 2
C 62 9
C 63 4
C 64 17
C 65 19
C 66 18
C 67 1
C 68 4
C 69 26
C 70 8
C 71 24
C 72 18
C 73 15
C 74 10
C 75 22
C 76 10
C 77 3
C 78 23
C 79 22
C 80 15
C 81 10
C 82 24
C 83 6
C 84 18
C 85 8
C 86 25
C 87 21
C 88 17
C 89 25
C 90 18
C 91 6
C 92 0
C 93 0
C 94 0
C 95 0
C 96 0
C 97 0
C 98 0
C 99 0
C 100 0
C 101 0
C 102 0
C 103 0
C 104 0
C 105 0
C 106 0
C 107 0
C 108 0
C 109 0
C 110 0
C 111 0
C 112 0
C 113 0
C 114 0
C 115 0
C 116 0
C 117 0
C 118 0
C 119 0
C 120 0
C 121 0
C 122 0
C 123 0
C 124 0
C 125 0
C 126 0
C 127 0
C 128 0
C 129 0
C 130 0
C 131 0
C 132 0
C 133 0
C 134 0
C 135 0
C 136 0
C 137 0
C 138 0
C 139 0
C 140 0
C 141 0
C 142 0
C 143 0
C 144 0
C 145 0
C 146 0
C 147 0
C 148 0
C 149 0
C 150 0
C 151 0
C 152 0
C 153 0
C 154 0
C 155 0
C 156 0
C 157 0
C 158 0
C 159 0
C 160 0
C 161 0
C 162 0
C 163 0
C 164 0
C 165 0
C 166 0
C 167 0
C 168 0
C 169 0
C 170 0
C 171 0
C 172 0
C 173 0
C 174 0
C 175 0
C 176 0
C 177 0
C 178 0
C 179 0
C 180 0
C 181 0
C 182 0
C 183 0
C 184 0
C 185 0
C 186 0
C 187 0
C 188 0
C 189 0
C 190 0
C 191 0
C 192 0
C 193 0
C 194 0
C 195 0
C 196 0
C 197 0
C 198 0
C 199 0
C 200 0
C 201 0
C 202 0
C 203 0
C 204 0
C 205 0
C 206 0
C 207 0
C 208 0
C 209 0
C 210 0
C 211 0
C 212 0
C 213 0
C 214 0
C 215 0
C 216 0
C 217 0
C 218 0
C 219 0
C 220 0
C 221 0
C 222 0
C 223 0
C 224 0
C 225 0
C 226 0
C 227 0
C 228 0
C 229 0
C 230 0
C 231 0
C 232 0
C 233 0
C 234 0
C 235 0
C 236 0
C 237 0
C 238 0
C 239 0
C 240 0
C 241 0
C 242 0
C 243 0
C 244 0
C 245 0
C 246 0
C 247 0
C 248 0
C 249 0
C 250 0
C 251 0
C 252 0
C 253 0
C 254 0
C 255 0
C 256 0
C 257 0
C 258 0
C 259 0
C 260 0
C 261 0
C 262 0
C 263 0
C 264 0
C 265 0
C 266 0
C 267 0
C 268 0
C 269 0
C 270 0
C 271 0
C 272 0
C 273 0
C 274 0
C 275 0
C 276 0
C 277 0
C 278 0
C 279 8
C 280 15
C 281 17
C 282 7
C 283 5
C 284 25
C 285 16
C 286 8
C 287 25
C 288 10
C 289 22
C 290 25
C 291 24
C 292 2
C 293 4
C 294 7
C 295 17
C 296 20
C 297 22
C 298 8
C 299 19
C 300 25
C 301 2
C 302 18
C 303 2
C 304 12
C 305 3
C 306 15
C 307 6
C 308 24
C 309 5
C 310 2
C 311 26
C 312 12
C 313 11
C 314 12
C 315 8
C 316 23
C 317 15
C 318 24
C 319 3
C 320 3
C 321 17
C 322 3
C 323 2
C 324 24
C 325 1
C 326 2
C 327 26
C 328 19
C 329 9
C 330 10
C 331 11
C 332 0
C 333 23
C 334 3
C 335 24
C 336 17
C 337 12
C 338 7
C 339 14
C 340 0
C 341 22
C 342 8
C 343 8
C 344 26
C 345 17
C 346 26
C 347 25
C 348 18
C 349 8
C 350 24
C 351 3
C 352 10
C 353 4
C 354 20
C 355 21
C 356 0
C 357 4
C 358 4
C 359 9
C 360 8
C 361 2
C 362 17
C 363 6
C 364 6
C 365 16
C 366 15
C 367 25
C 368 20
C 369 10
C 370 5
C 371 20
C 372 25
C 373 22
C 374 0
C 375 21
C 376 3
C 377 26
C 378 23
C 379 4
C 380 11
C 381 16
C 382 26
C 383 7
C 384 4
C 385 12
C 386 0
C 387 6
C 388 19
C 389 11
C 390 6
C 391 17
C 392 4
C 393 17
C 394 26
C 395 6
C 396 0
C 397 14
C 398 11
C 399 19
C 400 8
C 401 25
C 402 2
C 403 8
C 404 24
I 5 2 3 (4,4,4) (-1,-1,-1,0)|(-1,0,0,0)|(0,-1,1,0)
I 5 2 7 (2,0,5) (-1,0,0,0)|(0,-1,0,0)|(-1,-1,0,0)
I 0 3 5 (3,1,4) (-1,0,0,0)|(1,0,-1,0)
I 0 1 7 (3,1,3) (0,-1,1,0)|(-1,1,-1,0)|(0,-1,1,0)
