D (-1,-1,-1) (2,5,0)
D (-1,-1,-1) (0,2,0)
D (-1,-1,-1) (0,4,5)
D (-1,-1,-1) (5,2,5)
D (-1,-1,-1) (3,1,0)
D (-1,-1,-1) (4,0,4)
D (-1,-1,-1) (1,5,2)
D (-1,-1,-1) (3,1,3)
D (-1,-1,-1) (2,1,0)
D (-1,-1,-1) (0,3,2)
D (-1,-1,-1) (0,1,3)
D (-1,-1,-1) (1,1,2)
D (-1,-1,-1) (5,1,4)
D (-1,-1,-1) (0,0,0)
D (-1,-1,-1) (5,3,2)
D (-1,-1,-1) (2,3,2)
D (-1,-1,-1) (0,2,3)
D (-1,-1,-1) (5,3,3)
D (-1,-1,-1) (4,0,2)
D (-1,-1,-1) (0,1,1)
D (-1,-1,-1) (1,1,0)
D (-1,-1,-1) (1,5,1)
D (-1,-1,-1) (3,0,3)
D (-1,-1,-1) (2,1,3)
D (-1,-1,-1) (4,3,5)
D (-1,-1,-1) (4,3,2)
D (-1,-1,-1) (1,0,5)
D (-1,-1,-1) (4,5,5)
D (-1,-1,-1) (0,3,4)
D (-1,-1,-1) (3,1,4)
D (-1,-1,-1) (3,0,4)
D (-1,-1,-1) (5,0,0)
D (-1,-1,-1) (2,1,1)
D (-1,-1,-1) (1,0,3)
D (-1,-1,-1) (1,3,5)
D (-1,-1,-1) (4,2,2)
D (-1,-1,-1) (0,5,2)
D (-1,-1,-1) (3,3,0)
D (-1,-1,-1) (3,5,4)
D (-1,-1,-1) (1,3,0)
D (-1,-1,-1) (2,4,4)
D (-1,-1,-1) (4,1,3)
D (-1,-1,-1) (5,2,0)
D (-1,-1,-1) (1,0,4)
C 0 2
C 1 20
C 2 0
C 3 23
C 4 22
C 5 21
C 6 0
C 7 12
C 8 18
C 9 20
C 10 6
C 11 5
C 12 18
C 13 2
C 14 19
C 15 4
C 16 25
C 17 22
C 18 5
C 19 21
C 20 5
C 21 8
C 22 17
C 23 24
C 24 2
C 25 24
C 26 14
C 27 20
C 28 15
C 29 26
C 30 3
C 31 3
C 32 2
C 33 16
C 34 5
C 35 11
C 36 21
C 37 5
C 38 20
C 39 10
C 40 6
C 41 4
C 42 11
C 43 9
C 44 20
C 45 25
C 46 18
C 47 18
C 48 17
C 49 26
C 50 21
C 51 15
C 52 23
C 53 6
C 54 5
C 55 26
C 56 17
C 57 10
C 58 21
C 59 25
C 60 14
C 61 5
C 62 26
C 63 3
C 64 22
C 65 8
C 66 17
C 67 7
C 68 2
C 69 7
C 70 6
C 71 17
C 72 25
C 73 0
C 74 1
C 75 11
C 76 11
C 77 19
C 78 17
C 79 11
C 80 25
C 81 26
C 82 16
C 83 14
C 84 9
C 85 23
C 86 10
C 87 19
C 88 26
C 89 19
C 90 26
C 91 1
C 92 6
C 93 16
C 94 7
C 95 0
C 96 23
C 97 24
C 98 5
C 99 15
C 100 15
C 101 14
C 102 2
C 103 9
C 104 17
C 105 9
C 106 20
C 107 14
C 108 1
C 109 8
C 110 24
C 111 17
C 112 18
C 113 1
C 114 12
C 115 7
C 116 1
C 117 9
C 118 16
C 119 6
C 120 23
C 121 5
C 122 23
C 123 8
C 124 24
C 125 2
C 126 2
C 127 9
C 128 10
C 129 7
C 130 12
C 131 21
C 132 7
C 133 6
C 134 6
C 135 2
C 136 19
C 137 5
C 138 23
C 139 10
C 140 5
C 141 4
C 142 22
C 143 6
C 144 20
C 145 6
C 146 3
C 147 6
C 148 10
C 149 7
C 150 15
C 151 19
C 152 18
C 153 16
C 154 1
C 155 10
C 156 21
C 157 18
C 158 16
C 159 11
C 160 14
C 161 11
C 162 17
C 163 18
C 164 11
C 165 6
C 166 23
C 167 0
C 168 26
C 169 7
C 170 18
C 171 25
C 172 17
C 173 4
C 174 20
C 175 9
C 176 10
C 177 20
C 178 5
C 179 10
C 180 7
C 181 24
C 182 15
C 183 22
C 184 20
C 185 15
C 186 0
C 187 21
C 188 8
C 189 15
C 190 24
C 191 20
C 192 0
C 193 1
C 194 5
C 195 6
C 196 21
C 197 26
C 198 11
C 199 9
C 200 11
C 201 20
C 202 24
C 203 1
C 204 24
C 205 24
C 206 3
C 207 14
C 208 1
C 209 23
C 210 23
C 211 17
C 212 0
C 213 0
C 214 0
C 215 0
C 216 0
C 217 0
C 218 0
C 219 0
C 220 0
C 221 0
C 222 0
C 223 0
C 224 0
C 225 0
C 226 0
C 227 0
C 228 0
C 229 0
C 230 0
C 231 0
C 232 0
C 233 0
C 234 0
C 235 0
C 236 0
C 237 0
C 238 0
C 239 0
C 240 0
C 241 0
C 242 0
C 243 8
C 244 18
C 245 6
C 246 8
C 247 22
C 248 8
C 249 24
C 250 2
C 251 16
C 252 19
C 253 17
C 254 1
C 255 12
C 256 25
C 257 26
C 258 0
C 259 0
C 260 0
C 261 0
C 262 0
C 263 0
C 264 0
C 265 0
C 266 0
C 267 0
C 268 0
C 269 0
C 270 0
C 271 0
C 272 0
C 273 0
C 274 0
C 275 0
C 276 0
C 277 0
C 278 0
C 279 0
C 280 0
C 281 0
C 282 0
C 283 0
C 284 0
C 285 0
C 286 0
C 287 0
C 288 0
C 289 0
C 290 0
C 291 0
C 292 0
C 293 0
C 294 0
C 295 0
C 296 0
C 297 0
C 298 0
C 299 0
C 300 0
C 301 0
C 302 0
C 303 0
C 304 0
C 305 0
C 306 0
C 307 0
C 308 0
C 309 0
C 310 0
C 311 0
C 312 0
C 313 0
C 314 0
C 315 0
C 316 0
C 317 0
C 318 0
C 319 0
C 320 0
C 321 0
C 322 0
C 323 0
C 324 0
C 325 0
C 326 0
C 327 0
C 328 0
C 329 0
C 330 0
C 331 0
C 332 0
C 333 0
C 334 0
C 335 0
C 336 0
C 337 0
C 338 0
C 339 0
C 340 0
C 341 0
C 342 0
C 343 0
C 344 0
C 345 0
C 346 0
C 347 0
C 348 0
C 349 0
C 350 0
C 351 0
C 352 0
C 353 0
C 354 0
C 355 0
C 356 23
C 357 11
C 358 5
C 359 4
C 360 10
C 361 16
C 362 2
C 363 5
C 364 20
C 365 23
C 366 6
C 367 20
C 368 23
C 369 8
C 370 20
C 371 18
C 372 1
C 373 21
C 374 18
C 375 0
C 376 9
C 377 23
C 378 17
C 379 16
C 380 4
C 381 11
C 382 25
C 383 6
C 384 7
C 385 8
C 386 20
C 387 14
C 388 0
C 389 5
C 390 4
C 391 20
C 392 15
C 393 8
C 394 6
C 395 8
C 396 18
C 397 9
C 398 6
C 399 7
C 400 22
C 401 2
C 402 24
C 403 12
C 404 21
I 5 3 38 (3,2,4) (0,0,-1,0)
I 3 2 30 (2,1,3) (-1,0,-1,0)|(0,1,0,0)|(-1,0,0,0)
I 1 2 36 (0,2,3) (1,-1,-1,0)
I 4 3 12 (3,3,0) (0,0,-1,0)|(1,0,1,0)|(1,1,-1,0)
I 2 2 2 (1,0,2) (1,1,-1,0)
