D (-1,-1,-1) (5,5,5)
D (-1,-1,-1) (3,3,5)
D (-1,-1,-1) (1,3,4)
D (-1,-1,-1) (1,2,5)
D (-1,-1,-1) (0,0,4)
D (-1,-1,-1) (4,5,0)
D (-1,-1,-1) (0,0,1)
D (-1,-1,-1) (1,2,1)
D (-1,-1,-1) (4,2,1)
D (-1,-1,-1) (2,1,1)
D (-1,-1,-1) (5,1,2)
D (-1,-1,-1) (4,5,3)
D (-1,-1,-1) (5,3,5)
D (-1,-1,-1) (1,4,3)
D (-1,-1,-1) (2,3,1)
D (-1,-1,-1) (0,5,4)
D (-1,-1,-1) (4,2,4)
D (-1,-1,-1) (4,1,4)
D (-1,-1,-1) (5,4,5)
D (-1,-1,-1) (5,0,5)
D (-1,-1,-1) (3,5,3)
D (-1,-1,-1) (4,5,5)
D (-1,-1,-1) (3,0,4)
D (-1,-1,-1) (3,1,4)
D (-1,-1,-1) (3,0,0)
D (-1,-1,-1) (3,4,4)
D (-1,-1,-1) (0,1,0)
D (-1,-1,-1) (5,4,1)
D (-1,-1,-1) (5,1,0)
D (-1,-1,-1) (4,0,3)
D (-1,-1,-1) (4,0,1)
D (-1,-1,-1) (2,3,3)
D (-1,-1,-1) (0,4,3)
D (-1,-1,-1) (3,0,1)
D (-1,-1,-1) (0,4,1)
D (-1,-1,-1) (3,5,0)
D (-1,-1,-1) (2,1,5)
D (-1,-1,-1) (1,5,3)
D (-1,-1,-1) (0,0,5)
D (-1,-1,-1) (2,5,5)
D (-1,-1,-1) (5,4,4)
D (-1,-1,-1) (2,3,0)
D (-1,-1,-1) (3,3,2)
D (-1,-1,-1) (1,1,1)
D (-1,-1,-1) (1,4,4)
D (-1,-1,-1) (5,2,3)
D (-1,-1,-1) (4,3,4)
D (-1,-1,-1) (5,2,5)
D (-1,-1,-1) (5,3,3)
D (-1,-1,-1) (3,1,0)
D (-1,-1,-1) (0,2,2)
D (-1,-1,-1) (1,2,3)
D (-1,-1,-1) (0,4,4)
D (-1,-1,-1) (1,3,5)
D (-1,-1,-1) (2,5,3)
D (-1,-1,-1) (4,3,0)
D (-1,-1,-1) (5,0,4)
D (-1,-1,-1) (3,4,2)
D (-1,-1,-1) (5,5,4)
D (-1,-1,-1) (3,0,5)
D (-1,-1,-1) (5,4,2)
D (-1,-1,-1) (1,1,0)
D (-1,-1,-1) (5,5,3)
D (-1,-1,-1) (4,0,5)
D (-1,-1,-1) (5,3,1)
D (-1,-1,-1) (3,1,3)
D (-1,-1,-1) (2,2,0)
D (-1,-1,-1) (5,5,0)
D (-1,-1,-1) (4,4,1)
D (-1,-1,-1) (2,0,0)
D (-1,-1,-1) (4,1,1)
C 0 8
C 1 21
C 2 6
C 3 17
C 4 6
C 5 25
C 6 4
C 7 23
C 8 14
C 9 5
C 10 2
C 11 23
C 12 16
C 13 25
C 14 10
C 15 9
C 16 24
C 17 22
C 18 22
C 19 8
C 20 1
C 21 24
C 22 10
C 23 18
C 24 11
C 25 7
C 26 9
C 27 0
C 28 1
C 29 16
C 30 18
C 31 24
C 32 25
C 33 26
C 34 21
C 35 21
C 36 2
C 37 3
C 38 5
C 39 2
C 40 23
C 41 1
C 42 18
C 43 19
C 44 21
C 45 11
C 46 11
C 47 24
C 48 26
C 49 4
C 50 21
C 51 23
C 52 17
C 53 0
C 54 0
C 55 0
C 56 0
C 57 0
C 58 0
C 59 0
C 60 0
C 61 0
C 62 0
C 63 0
C 64 0
C 65 0
C 66 0
C 67 0
C 68 0
C 69 0
C 70 0
C 71 0
C 72 0
C 73 0
C 74 0
C 75 0
C 76 0
C 77 0
C 78 0
C 79 0
C 80 0
C 81 0
C 82 0
C 83 0
C 84 0
C 85 0
C 86 0
C 87 0
C 88 0
C 89 0
C 90 0
C 91 0
C 92 0
C 93 0
C 94 0
C 95 0
C 96 0
C 97 0
C 98 0
C 99 0
C 100 0
C 101 0
C 102 0
C 103 0
C 104 0
C 105 0
C 106 0
C 107 0
C 108 0
C 109 0
C 110 0
C 111 0
C 112 0
C 113 0
C 114 0
C 115 0
C 116 0
C 117 0
C 118 0
C 119 0
C 120 0
C 121 0
C 122 0
C 123 0
C 124 0
C 125 0
C 126 0
C 127 0
C 128 0
C 129 0
C 130 0
C 131 0
C 132 0
C 133 0
C 134 0
C 135 0
C 136 0
C 137 0
C 138 0
C 139 0
C 140 0
C 141 0
C 142 0
C 143 0
C 144 0
C 145 0
C 146 0
C 147 0
C 148 0
C 149 0
C 150 14
C 151 23
C 152 7
C 153 19
C 154 11
C 155 12
C 156 22
C 157 24
C 158 4
C 159 6
C 160 12
C 161 0
C 162 25
C 163 16
C 164 3
C 165 8
C 166 9
C 167 16
C 168 16
C 169 7
C 170 21
C 171 22
C 172 0
C 173 22
C 174 1
C 175 8
C 176 11
C 177 6
C 178 21
C 179 19
C 180 7
C 181 19
C 182 5
C 183 26
C 184 6
C 185 10
C 186 12
C 187 0
C 188 8
C 189 15
C 190 10
C 191 17
C 192 23
C 193 22
C 194 5
C 195 0
C 196 5
C 197 26
C 198 20
C 199 15
C 200 22
C 201 24
C 202 2
C 203 10
C 204 9
C 205 12
C 206 8
C 207 4
C 208 25
C 209 4
C 210 21
C 211 22
C 212 15
C 213 12
C 214 5
C 215 14
C 216 19
C 217 18
C 218 6
C 219 25
C 220 5
C 221 1
C 222 23
C 223 0
C 224 14
C 225 19
C 226 15
C 227 1
C 228 17
C 229 26
C 230 10
C 231 18
C 232 20
C 233 23
C 234 6
C 235 4
C 236 12
C 237 22
C 238 16
C 239 24
C 240 23
C 241 24
C 242 10
C 243 14
C 244 5
C 245 2
C 246 24
C 247 3
C 248 11
C 249 1
C 250 22
C 251 24
C 252 20
C 253 8
C 254 5
C 255 18
C 256 26
C 257 11
C 258 4
C 259 2
C 260 26
C 261 6
C 262 5
C 263 18
C 264 9
C 265 11
C 266 4
C 267 4
C 268 24
C 269 22
C 270 15
C 271 20
C 272 8
C 273 26
C 274 26
C 275 7
C 276 23
C 277 21
C 278 22
C 279 24
C 280 8
C 281 26
C 282 5
C 283 19
C 284 15
C 285 2
C 286 16
C 287 15
C 288 10
C 289 1
C 290 25
C 291 10
C 292 23
C 293 20
C 294 3
C 295 22
C 296 15
C 297 8
C 298 0
C 299 25
C 300 11
C 301 3
C 302 6
C 303 11
C 304 11
C 305 9
C 306 14
C 307 8
C 308 7
C 309 1
C 310 15
C 311 8
C 312 12
C 313 26
C 314 8
C 315 2
C 316 16
C 317 18
C 318 8
C 319 3
C 320 0
C 321 17
C 322 8
C 323 26
C 324 19
C 325 7
C 326 25
C 327 20
C 328 26
C 329 9
C 330 5
C 331 25
C 332 12
C 333 16
C 334 24
C 335 3
C 336 0
C 337 3
C 338 22
C 339 9
C 340 8
C 341 2
C 342 18
C 343 9
C 344 14
C 345 17
C 346 21
C 347 0
C 348 15
C 349 20
C 350 21
C 351 9
C 352 8
C 353 26
C 354 11
C 355 11
C 356 7
C 357 24
C 358 6
C 359 11
C 360 20
C 361 3
C 362 15
C 363 19
C 364 25
C 365 25
C 366 9
C 367 8
C 368 6
C 369 15
C 370 12
C 371 5
C 372 4
C 373 25
C 374 3
C 375 14
C 376 14
C 377 10
C 378 16
C 379 6
C 380 14
C 381 21
C 382 14
C 383 24
C 384 6
C 385 7
C 386 26
C 387 11
C 388 3
C 389 3
C 390 9
C 391 3
C 392 17
C 393 19
C 394 14
C 395 15
C 396 9
C 397 12
C 398 25
C 399 25
C 400 24
C 401 18
C 402 25
C 403 21
C 404 7
I 2 3 37 (2,0,1) (1,0,1,0)|(0,0,-1,0)
I 4 1 38 (0,2,5) (0,1,-1,0)
I 4 2 38 (5,5,2) (1,-1,-1,0)
I 1 3 3 (1,0,4) (1,0,-1,0)
