D (-1,-1,-1) (5,3,0)
D (-1,-1,-1) (0,0,3)
D (-1,-1,-1) (0,5,4)
D (-1,-1,-1) (5,5,0)
D (-1,-1,-1) (1,5,5)
D (-1,-1,-1) (2,4,1)
D (-1,-1,-1) (5,4,0)
D (-1,-1,-1) (4,3,1)
D (-1,-1,-1) (1,1,0)
D (-1,-1,-1) (4,1,4)
D (-1,-1,-1) (5,2,2)
D (-1,-1,-1) (2,3,0)
D (-1,-1,-1) (1,3,0)
D (-1,-1,-1) (1,5,3)
D (-1,-1,-1) (5,2,5)
D (-1,-1,-1) (5,4,4)
D (-1,-1,-1) (5,5,2)
D (-1,-1,-1) (0,0,1)
D (-1,-1,-1) (0,1,3)
D (-1,-1,-1) (1,1,3)
D (-1,-1,-1) (0,0,0)
D (-1,-1,-1) (1,1,2)
D (-1,-1,-1) (4,2,3)
D (-1,-1,-1) (4,3,4)
D (-1,-1,-1) (3,1,3)
D (-1,-1,-1) (5,1,4)
D (-1,-1,-1) (3,5,2)
D (-1,-1,-1) (3,1,0)
D (-1,-1,-1) (2,0,4)
D (-1,-1,-1) (4,0,5)
D (-1,-1,-1) (3,2,4)
D (-1,-1,-1) (3,0,2)
D (-1,-1,-1) (3,1,1)
D (-1,-1,-1) (5,2,4)
D (-1,-1,-1) (4,0,2)
D (-1,-1,-1) (2,1,2)
D (-1,-1,-1) (2,5,1)
D (-1,-1,-1) (3,5,3)
D (-1,-1,-1) (1,4,3)
D (-1,-1,-1) (3,4,5)
D (-1,-1,-1) (2,2,5)
D (-1,-1,-1) (0,2,4)
C 0 3
C 1 0
C 2 0
C 3 0
C 4 0
C 5 0
C 6 0
C 7 0
C 8 0
C 9 0
C 10 0
C 11 0
C 12 0
C 13 0
C 14 0
C 15 4
C 16 20
C 17 18
C 18 8
C 19 24
C 20 16
C 21 1
C 22 24
C 23 4
C 24 3
C 25 26
C 26 17
C 27 21
C 28 5
C 29 15
C 30 10
C 31 25
C 32 17
C 33 9
C 34 6
C 35 21
C 36 0
C 37 3
C 38 0
C 39 15
C 40 24
C 41 0
C 42 0
C 43 0
C 44 0
C 45 0
C 46 0
C 47 0
C 48 0
C 49 0
C 50 0
C 51 0
C 52 0
C 53 0
C 54 0
C 55 0
C 56 0
C 57 0
C 58 0
C 59 0
C 60 0
C 61 0
C 62 0
C 63 0
C 64 0
C 65 0
C 66 0
C 67 0
C 68 0
C 69 0
C 70 0
C 71 0
C 72 0
C 73 0
C 74 0
C 75 0
C 76 0
C 77 0
C 78 0
C 79 0
C 80 0
C 81 0
C 82 0
C 83 0
C 84 20
C 85 22
C 86 18
C 87 11
C 88 18
C 89 21
C 90 3
C 91 17
C 92 18
C 93 2
C 94 4
C 95 26
C 96 2
C 97 5
C 98 14
C 99 6
C 100 1
C 101 26
C 102 5
C 103 19
C 104 8
C 105 10
C 106 8
C 107 9
C 108 7
C 109 14
C 110 21
C 111 20
C 112 19
C 113 2
C 114 11
C 115 19
C 116 3
C 117 10
C 118 25
C 119 23
C 120 0
C 121 15
C 122 20
C 123 20
C 124 7
C 125 14
C 126 16
C 127 11
C 128 0
C 129 16
C 130 3
C 131 4
C 132 19
C 133 19
C 134 16
C 135 2
C 136 26
C 137 1
C 138 25
C 139 11
C 140 23
C 141 21
C 142 18
C 143 19
C 144 1
C 145 1
C 146 21
C 147 15
C 148 10
C 149 25
C 150 2
C 151 4
C 152 17
C 153 20
C 154 23
C 155 8
C 156 1
C 157 4
C 158 1
C 159 22
C 160 7
C 161 24
C 162 5
C 163 19
C 164 16
C 165 0
C 166 21
C 167 5
C 168 23
C 169 21
C 170 8
C 171 20
C 172 26
C 173 8
C 174 8
C 175 2
C 176 19
C 177 19
C 178 15
C 179 21
C 180 26
C 181 23
C 182 16
C 183 19
C 184 7
C 185 5
C 186 9
C 187 25
C 188 16
C 189 0
C 190 12
C 191 17
C 192 0
C 193 4
C 194 23
C 195 4
C 196 1
C 197 6
C 198 9
C 199 15
C 200 17
C 201 12
C 202 7
C 203 6
C 204 11
C 205 20
C 206 17
C 207 17
C 208 17
C 209 9
C 210 16
C 211 9
C 212 5
C 213 11
C 214 18
C 215 0
C 216 17
C 217 1
C 218 25
C 219 14
C 220 15
C 221 10
C 222 26
C 223 17
C 224 19
C 225 23
C 226 2
C 227 10
C 228 21
C 229 11
C 230 11
C 231 4
C 232 1
C 233 10
C 234 12
C 235 19
C 236 20
C 237 7
C 238 26
C 239 1
C 240 21
C 241 6
C 242 15
C 243 11
C 244 5
C 245 0
C 246 2
C 247 12
C 248 17
C 249 10
C 250 3
C 251 18
C 252 23
C 253 0
C 254 4
C 255 22
C 256 11
C 257 21
C 258 5
C 259 7
C 260 19
C 261 12
C 262 10
C 263 24
C 264 24
C 265 10
C 266 2
C 267 4
C 268 19
C 269 20
C 270 20
C 271 2
C 272 14
C 273 9
C 274 4
C 275 5
C 276 0
C 277 0
C 278 0
C 279 0
C 280 0
C 281 0
C 282 0
C 283 0
C 284 0
C 285 0
C 286 0
C 287 0
C 288 0
C 289 0
C 290 0
C 291 0
C 292 0
C 293 0
C 294 0
C 295 0
C 296 0
C 297 0
C 298 0
C 299 0
C 300 0
C 301 0
C 302 0
C 303 0
C 304 0
C 305 0
C 306 0
C 307 0
C 308 0
C 309 0
C 310 0
C 311 0
C 312 0
C 313 0
C 314 0
C 315 0
C 316 0
C 317 0
C 318 0
C 319 0
C 320 0
C 321 0
C 322 0
C 323 0
C 324 0
C 325 0
C 326 0
C 327 0
C 328 0
C 329 0
C 330 0
C 331 0
C 332 0
C 333 0
C 334 0
C 335 0
C 336 0
C 337 0
C 338 0
C 339 0
C 340 0
C 341 0
C 342 0
C 343 0
C 344 0
C 345 0
C 346 0
C 347 0
C 348 0
C 349 0
C 350 0
C 351 0
C 352 0
C 353 0
C 354 0
C 355 0
C 356 0
C 357 0
C 358 0
C 359 0
C 360 0
C 361 0
C 362 0
C 363 0
C 364 0
C 365 0
C 366 0
C 367 0
C 368 0
C 369 0
C 370 0
C 371 0
C 372 0
C 373 0
C 374 0
C 375 0
C 376 0
C 377 0
C 378 0
C 379 0
C 380 0
C 381 0
C 382 0
C 383 0
C 384 0
C 385 0
C 386 0
C 387 0
C 388 0
C 389 0
C 390 0
C 391 0
C 392 0
C 393 0
C 394 0
C 395 0
C 396 0
C 397 0
C 398 0
C 399 0
C 400 7
C 401 9
C 402 21
C 403 21
C 404 15
I 1 3 21 (5,4,0) (-1,0,1,0)
I 2 2 25 (4,3,2) (0,1,0,0)
I 5 1 11 (0,4,4) (-1,-1,1,0)
I 3 1 23 (2,2,3) (-1,0,0,0)
I 0 3 2 (4,4,2) (-1,0,0,0)|(-1,-1,-1,0)
