D (-1,-1,-1) (4,2,4)
D (-1,-1,-1) (5,3,3)
D (-1,-1,-1) (2,2,1)
D (-1,-1,-1) (1,2,2)
D (-1,-1,-1) (2,5,2)
D (-1,-1,-1) (4,0,2)
D (-1,-1,-1) (5,4,0)
D (-1,-1,-1) (5,1,3)
D (-1,-1,-1) (1,4,2)
D (-1,-1,-1) (4,0,5)
D (-1,-1,-1) (4,5,1)
D (-1,-1,-1) (1,0,4)
D (-1,-1,-1) (3,1,3)
D (-1,-1,-1) (2,1,5)
D (-1,-1,-1) (3,0,4)
D (-1,-1,-1) (0,2,2)
D (-1,-1,-1) (5,1,5)
D (-1,-1,-1) (0,0,5)
D (-1,-1,-1) (2,3,2)
D (-1,-1,-1) (2,4,5)
D (-1,-1,-1) (4,5,2)
D (-1,-1,-1) (2,0,5)
D (-1,-1,-1) (4,1,5)
D (-1,-1,-1) (1,1,0)
D (-1,-1,-1) (5,5,3)
D (-1,-1,-1) (0,0,1)
D (-1,-1,-1) (2,3,3)
D (-1,-1,-1) (5,0,5)
D (-1,-1,-1) (0,1,2)
D (-1,-1,-1) (0,0,3)
D (-1,-1,-1) (5,4,5)
D (-1,-1,-1) (1,3,5)
D (-1,-1,-1) (0,3,4)
D (-1,-1,-1) (3,2,3)
D (-1,-1,-1) (0,4,5)
D (-1,-1,-1) (3,0,3)
D (-1,-1,-1) (5,4,2)
D (-1,-1,-1) (2,2,5)
D (-1,-1,-1) (2,1,1)
D (-1,-1,-1) (3,4,4)
D (-1,-1,-1) (0,1,1)
D (-1,-1,-1) (0,3,2)
D (-1,-1,-1) (0,3,3)
D (-1,-1,-1) (5,5,4)
D (-1,-1,-1) (0,2,4)
D (-1,-1,-1) (1,1,3)
D (-1,-1,-1) (3,3,3)
D (-1,-1,-1) (0,5,2)
D (-1,-1,-1) (1,5,4)
D (-1,-1,-1) (5,1,1)
D (-1,-1,-1) (5,1,0)
D (-1,-1,-1) (4,2,0)
D (-1,-1,-1) (5,1,4)
D (-1,-1,-1) (1,3,0)
D (-1,-1,-1) (1,0,2)
D (-1,-1,-1) (1,2,4)
D (-1,-1,-1) (3,3,1)
D (-1,-1,-1) (4,2,1)
D (-1,-1,-1) (4,5,3)
D (-1,-1,-1) (5,2,1)
D (-1,-1,-1) (1,0,1)
D (-1,-1,-1) (3,1,5)
D (-1,-1,-1) (5,4,4)
D (-1,-1,-1) (5,0,1)
D (-1,-1,-1) (1,3,4)
D (-1,-1,-1) (3,5,3)
D (-1,-1,-1) (1,3,2)
C 0 4
C 1 24
C 2 18
C 3 17
C 4 3
C 5 23
C 6 10
C 7 10
C 8 11
C 9 25
C 10 11
C 11 4
C 12 26
C 13 6
C 14 25
C 15 17
C 16 23
C 17 24
C 18 19
C 19 23
C 20 0
C 21 24
C 22 8
C 23 6
C 24 18
C 25 19
C 26 7
C 27 16
C 28 25
C 29 19
C 30 15
C 31 4
C 32 14
C 33 17
C 34 11
C 35 5
C 36 19
C 37 16
C 38 3
C 39 1
C 40 22
C 41 17
C 42 25
C 43 20
C 44 5
C 45 2
C 46 12
C 47 14
C 48 9
C 49 5
C 50 22
C 51 1
C 52 11
C 53 16
C 54 23
C 55 1
C 56 23
C 57 14
C 58 11
C 59 11
C 60 6
C 61 25
C 62 3
C 63 18
C 64 15
C 65 12
C 66 15
C 67 20
C 68 23
C 69 4
C 70 6
C 71 3
C 72 24
C 73 1
C 74 16
C 75 17
C 76 3
C 77 8
C 78 26
C 79 11
C 80 0
C 81 14
C 82 1
C 83 11
C 84 0
C 85 25
C 86 11
C 87 0
C 88 20
C 89 5
C 90 7
C 91 22
C 92 1
C 93 16
C 94 9
C 95 18
C 96 19
C 97 18
C 98 11
C 99 5
C 100 1
C 101 10
C 102 7
C 103 0
C 104 10
C 105 20
C 106 11
C 107 7
C 108 25
C 109 17
C 110 23
C 111 26
C 112 23
C 113 22
C 114 14
C 115 10
C 116 14
C 117 0
C 118 2
C 119 8
C 120 21
C 121 1
C 122 21
C 123 3
C 124 21
C 125 17
C 126 3
C 127 5
C 128 0
C 129 21
C 130 21
C 131 20
C 132 12
C 133 21
C 134 8
C 135 14
C 136 15
C 137 8
C 138 21
C 139 1
C 140 17
C 141 7
C 142 23
C 143 25
C 144 3
C 145 10
C 146 20
C 147 21
C 148 8
C 149 9
C 150 4
C 151 20
C 152 7
C 153 2
C 154 19
C 155 20
C 156 11
C 157 16
C 158 9
C 159 10
C 160 11
C 161 3
C 162 12
C 163 5
C 164 14
C 165 18
C 166 9
C 167 18
C 168 19
C 169 2
C 170 7
C 171 20
C 172 2
C 173 20
C 174 3
C 175 0
C 176 4
C 177 0
C 178 8
C 179 19
C 180 14
C 181 12
C 182 20
C 183 15
C 184 21
C 185 8
C 186 18
C 187 14
C 188 16
C 189 15
C 190 1
C 191 23
C 192 25
C 193 5
C 194 19
C 195 11
C 196 20
C 197 17
C 198 7
C 199 24
C 200 22
C 201 8
C 202 18
C 203 14
C 204 25
C 205 18
C 206 16
C 207 16
C 208 22
C 209 2
C 210 19
C 211 5
C 212 25
C 213 17
C 214 7
C 215 11
C 216 21
C 217 25
C 218 15
C 219 0
C 220 2
C 221 0
C 222 20
C 223 17
C 224 26
C 225 9
C 226 4
C 227 11
C 228 11
C 229 1
C 230 23
C 231 12
C 232 8
C 233 1
C 234 7
C 235 8
C 236 4
C 237 6
C 238 1
C 239 1
C 240 3
C 241 10
C 242 1
C 243 6
C 244 14
C 245 5
C 246 3
C 247 10
C 248 19
C 249 17
C 250 22
C 251 8
C 252 19
C 253 6
C 254 4
C 255 24
C 256 7
C 257 3
C 258 14
C 259 24
C 260 1
C 261 2
C 262 23
C 263 16
C 264 19
C 265 14
C 266 23
C 267 2
C 268 7
C 269 17
C 270 1
C 271 2
C 272 11
C 273 5
C 274 2
C 275 10
C 276 14
C 277 14
C 278 21
C 279 11
C 280 11
C 281 2
C 282 3
C 283 14
C 284 1
C 285 21
C 286 21
C 287 12
C 288 17
C 289 17
C 290 7
C 291 12
C 292 9
C 293 22
C 294 15
C 295 22
C 296 20
C 297 2
C 298 25
C 299 7
C 300 21
C 301 18
C 302 8
C 303 20
C 304 8
C 305 9
C 306 12
C 307 8
C 308 16
C 309 24
C 310 0
C 311 24
C 312 11
C 313 8
C 314 20
C 315 25
C 316 15
C 317 9
C 318 3
C 319 24
C 320 11
C 321 6
C 322 20
C 323 23
C 324 4
C 325 22
C 326 23
C 327 18
C 328 0
C 329 22
C 330 8
C 331 9
C 332 25
C 333 8
C 334 24
C 335 9
C 336 1
C 337 17
C 338 12
C 339 19
C 340 3
C 341 15
C 342 25
C 343 3
C 344 2
C 345 17
C 346 12
C 347 5
C 348 18
C 349 7
C 350 3
C 351 20
C 352 17
C 353 19
C 354 21
C 355 4
C 356 22
C 357 26
C 358 9
C 359 1
C 360 21
C 361 1
C 362 26
C 363 20
C 364 19
C 365 6
C 366 23
C 367 0
C 368 0
C 369 0
C 370 0
C 371 0
C 372 0
C 373 0
C 374 0
C 375 0
C 376 0
C 377 0
C 378 0
C 379 0
C 380 0
C 381 0
C 382 0
C 383 0
C 384 0
C 385 0
C 386 0
C 387 0
C 388 0
C 389 0
C 390 0
C 391 0
C 392 0
C 393 0
C 394 0
C 395 0
C 396 0
C 397 0
C 398 0
C 399 0
C 400 0
C 401 0
C 402 0
C 403 0
C 404 0
C 405 0
C 406 0
C 407 0
C 408 0
C 409 0
C 410 0
C 411 0
C 412 0
C 413 0
C 414 0
C 415 0
C 416 0
C 417 0
C 418 0
C 419 0
C 420 0
C 421 0
C 422 0
C 423 0
C 424 0
C 425 0
C 426 0
C 427 0
C 428 0
C 429 0
C 430 0
C 431 0
C 432 0
C 433 0
C 434 0
C 435 0
C 436 0
C 437 0
C 438 0
C 439 0
C 440 0
C 441 0
C 442 0
C 443 0
C 444 0
C 445 0
C 446 0
C 447 0
C 448 0
C 449 0
C 450 0
C 451 0
C 452 0
C 453 0
C 454 0
C 455 0
C 456 0
C 457 0
C 458 0
C 459 0
C 460 0
C 461 0
C 462 0
C 463 0
C 464 0
C 465 0
C 466 0
C 467 0
C 468 0
C 469 0
C 470 0
C 471 0
C 472 0
C 473 0
C 474 0
C 475 0
C 476 0
C 477 0
C 478 0
C 479 0
C 480 0
C 481 0
C 482 0
C 483 0
C 484 0
C 485 0
C 486 0
C 487 0
C 488 0
C 489 0
C 490 0
C 491 0
C 492 0
C 493 0
C 494 0
C 495 0
C 496 0
C 497 0
C 498 0
C 499 0
C 500 0
C 501 0
C 502 0
C 503 0
C 504 0
C 505 0
C 506 0
C 507 0
C 508 0
C 509 0
C 510 0
C 511 0
C 512 0
C 513 0
C 514 0
C 515 0
C 516 0
C 517 0
C 518 0
C 519 0
C 520 0
C 521 0
C 522 0
C 523 0
C 524 0
C 525 0
C 526 0
C 527 0
C 528 0
C 529 0
C 530 0
C 531 0
C 532 0
C 533 0
C 534 0
C 535 0
C 536 0
C 537 0
C 538 0
C 539 0
C 540 0
C 541 0
C 542 0
C 543 0
C 544 0
C 545 0
C 546 0
C 547 0
C 548 0
C 549 0
C 550 0
C 551 0
C 552 0
C 553 0
C 554 0
C 555 0
C 556 0
C 557 0
C 558 0
C 559 0
C 560 0
C 561 0
C 562 0
C 563 0
C 564 0
C 565 0
C 566 0
C 567 0
C 568 0
C 569 0
C 570 0
C 571 0
C 572 0
C 573 0
C 574 0
C 575 0
C 576 0
C 577 0
C 578 0
C 579 0
C 580 0
C 581 0
C 582 0
C 583 0
C 584 0
C 585 0
C 586 0
C 587 0
C 588 0
C 589 0
C 590 0
C 591 0
C 592 0
C 593 0
C 594 0
C 595 0
C 596 0
C 597 0
C 598 0
C 599 0
C 600 0
C 601 0
C 602 0
C 603 0
C 604 0
C 605 0
C 606 0
C 607 0
C 608 0
C 609 0
C 610 0
C 611 0
C 612 0
C 613 0
C 614 0
C 615 0
C 616 0
C 617 0
C 618 0
C 619 0
C 620 0
C 621 0
C 622 0
C 623 0
C 624 0
C 625 0
C 626 0
C 627 0
C 628 0
C 629 0
C 630 0
C 631 0
C 632 0
C 633 0
C 634 0
C 635 0
C 636 0
C 637 0
C 638 0
C 639 0
C 640 0
C 641 0
C 642 0
C 643 0
C 644 0
C 645 0
C 646 0
C 647 0
C 648 0
C 649 0
C 650 0
C 651 0
C 652 0
C 653 0
C 654 0
C 655 0
C 656 0
C 657 3
C 658 3
C 659 11
C 660 22
C 661 6
C 662 21
C 663 11
C 664 0
C 665 11
C 666 21
C 667 24
C 668 25
C 669 1
C 670 15
C 671 18
C 672 8
C 673 2
C 674 10
I 0 3 1 (3,3,5) (0,0,-1,0)|(0,1,1,0)|(-1,-1,0,0)
