D (-1,-1,-1) (1,0,3)
D (-1,-1,-1) (3,0,2)
D (-1,-1,-1) (3,5,5)
D (-1,-1,-1) (0,1,2)
D (-1,-1,-1) (0,5,3)
D (-1,-1,-1) (3,2,2)
D (-1,-1,-1) (1,2,2)
D (-1,-1,-1) (2,2,3)
D (-1,-1,-1) (2,3,3)
D (-1,-1,-1) (5,1,0)
D (-1,-1,-1) (5,0,3)
D (-1,-1,-1) (4,3,4)
D (-1,-1,-1) (3,3,2)
D (-1,-1,-1) (0,5,0)
D (-1,-1,-1) (3,3,0)
D (-1,-1,-1) (5,3,5)
D (-1,-1,-1) (4,0,3)
D (-1,-1,-1) (5,0,2)
D (-1,-1,-1) (4,4,2)
D (-1,-1,-1) (1,1,0)
D (-1,-1,-1) (5,2,3)
D (-1,-1,-1) (3,2,4)
D (-1,-1,-1) (4,3,1)
D (-1,-1,-1) (1,0,4)
D (-1,-1,-1) (4,2,1)
D (-1,-1,-1) (0,0,3)
D (-1,-1,-1) (3,0,1)
D (-1,-1,-1) (1,4,3)
D (-1,-1,-1) (1,4,2)
D (-1,-1,-1) (2,3,2)
D (-1,-1,-1) (4,3,0)
D (-1,-1,-1) (0,2,3)
D (-1,-1,-1) (2,1,2)
D (-1,-1,-1) (2,1,5)
D (-1,-1,-1) (1,5,2)
D (-1,-1,-1) (3,5,4)
D (-1,-1,-1) (5,2,4)
D (-1,-1,-1) (3,0,0)
D (-1,-1,-1) (4,1,1)
D (-1,-1,-1) (1,1,1)
D (-1,-1,-1) (4,0,1)
D (-1,-1,-1) (2,2,2)
D (-1,-1,-1) (4,3,5)
D (-1,-1,-1) (0,1,1)
D (-1,-1,-1) (4,5,1)
D (-1,-1,-1) (5,2,1)
D (-1,-1,-1) (5,1,3)
D (-1,-1,-1) (4,4,4)
D (-1,-1,-1) (4,4,1)
C 0 21
C 1 7
C 2 3
C 3 21
C 4 1
C 5 4
C 6 21
C 7 19
C 8 9
C 9 14
C 10 16
C 11 17
C 12 16
C 13 5
C 14 8
C 15 17
C 16 25
C 17 23
C 18 19
C 19 25
C 20 18
C 21 19
C 22 16
C 23 2
C 24 18
C 25 0
C 26 10
C 27 16
C 28 19
C 29 24
C 30 3
C 31 3
C 32 10
C 33 18
C 34 24
C 35 1
C 36 8
C 37 2
C 38 2
C 39 11
C 40 16
C 41 24
C 42 2
C 43 26
C 44 23
C 45 22
C 46 12
C 47 7
C 48 12
C 49 25
C 50 23
C 51 17
C 52 7
C 53 24
C 54 10
C 55 18
C 56 21
C 57 24
C 58 0
C 59 4
C 60 24
C 61 0
C 62 11
C 63 8
C 64 0
C 65 15
C 66 1
C 67 8
C 68 11
C 69 3
C 70 16
C 71 16
C 72 21
C 73 25
C 74 15
C 75 20
C 76 17
C 77 2
C 78 7
C 79 10
C 80 12
C 81 23
C 82 24
C 83 25
C 84 25
C 85 4
C 86 1
C 87 1
C 88 4
C 89 12
C 90 18
C 91 23
C 92 12
C 93 22
C 94 14
C 95 2
C 96 21
C 97 23
C 98 25
C 99 2
C 100 0
C 101 0
C 102 9
C 103 0
C 104 18
C 105 26
C 106 12
C 107 20
C 108 25
C 109 6
C 110 8
C 111 5
C 112 9
C 113 14
C 114 20
C 115 2
C 116 24
C 117 21
C 118 3
C 119 2
C 120 12
C 121 0
C 122 4
C 123 25
C 124 15
C 125 23
C 126 26
C 127 10
C 128 17
C 129 9
C 130 10
C 131 3
C 132 18
C 133 15
C 134 16
C 135 23
C 136 23
C 137 26
C 138 22
C 139 7
C 140 4
C 141 20
C 142 22
C 143 3
C 144 18
C 145 26
C 146 4
C 147 24
C 148 16
C 149 18
C 150 15
C 151 23
C 152 12
C 153 22
C 154 10
C 155 9
C 156 14
C 157 12
C 158 6
C 159 18
C 160 11
C 161 16
C 162 14
C 163 25
C 164 21
C 165 1
C 166 5
C 167 21
C 168 11
C 169 6
C 170 16
C 171 11
C 172 23
C 173 14
C 174 15
C 175 3
C 176 5
C 177 5
C 178 7
C 179 4
C 180 5
C 181 22
C 182 22
C 183 14
C 184 15
C 185 26
C 186 14
C 187 17
C 188 11
C 189 16
C 190 7
C 191 14
C 192 20
C 193 21
C 194 18
C 195 24
C 196 10
C 197 26
C 198 14
C 199 12
C 200 20
C 201 22
C 202 21
C 203 19
C 204 5
C 205 5
C 206 21
C 207 1
C 208 23
C 209 7
C 210 23
C 211 16
C 212 1
C 213 14
C 214 5
C 215 23
C 216 21
C 217 6
C 218 24
C 219 6
C 220 14
C 221 19
C 222 20
C 223 9
C 224 8
C 225 23
C 226 8
C 227 25
C 228 0
C 229 8
C 230 6
C 231 21
C 232 23
C 233 21
C 234 2
C 235 5
C 236 21
C 237 4
C 238 21
C 239 0
C 240 8
C 241 14
C 242 0
C 243 21
C 244 16
C 245 26
C 246 2
C 247 12
C 248 3
C 249 21
C 250 8
C 251 0
C 252 20
C 253 0
C 254 18
C 255 24
C 256 20
C 257 2
C 258 9
C 259 6
C 260 8
C 261 2
C 262 3
C 263 20
C 264 19
C 265 16
C 266 17
C 267 18
C 268 11
C 269 6
C 270 24
C 271 0
C 272 26
C 273 20
C 274 10
C 275 8
C 276 19
C 277 16
C 278 1
C 279 1
C 280 19
C 281 14
C 282 17
C 283 18
C 284 20
C 285 3
C 286 20
C 287 11
C 288 23
C 289 16
C 290 17
C 291 6
C 292 2
C 293 0
C 294 0
C 295 4
C 296 12
C 297 23
C 298 2
C 299 24
C 300 11
C 301 5
C 302 11
C 303 4
C 304 10
C 305 17
C 306 10
C 307 22
C 308 7
C 309 11
C 310 25
C 311 12
C 312 25
C 313 22
C 314 8
C 315 1
C 316 18
C 317 8
C 318 8
C 319 5
C 320 15
C 321 19
C 322 2
C 323 6
C 324 22
C 325 18
C 326 0
C 327 22
C 328 24
C 329 9
C 330 12
C 331 10
C 332 5
C 333 25
C 334 0
C 335 6
C 336 12
C 337 14
C 338 16
C 339 3
C 340 21
C 341 15
C 342 1
C 343 6
C 344 25
C 345 11
C 346 10
C 347 8
C 348 25
C 349 1
C 350 11
C 351 21
C 352 2
C 353 8
C 354 26
C 355 21
C 356 8
C 357 12
C 358 9
C 359 26
C 360 24
C 361 6
C 362 5
C 363 23
C 364 18
C 365 12
C 366 8
C 367 6
C 368 19
C 369 21
C 370 15
C 371 21
C 372 12
C 373 20
C 374 22
C 375 15
C 376 2
C 377 16
C 378 16
C 379 16
C 380 19
C 381 2
C 382 4
C 383 20
C 384 11
C 385 3
C 386 5
C 387 18
C 388 26
C 389 8
C 390 16
C 391 3
C 392 5
C 393 7
C 394 17
C 395 9
C 396 5
C 397 5
C 398 10
C 399 10
C 400 7
C 401 6
C 402 16
C 403 7
C 404 26
I 0 3 7 (5,4,2) (-1,-1,0,0)|(1,-1,1,0)|(0,1,0,0)|(-1,-1,0,0)|(0,0,0,0)
I 3 2 7 (3,5,5) (-1,1,1,0)|(0,-1,0,0)|(-1,0,0,0)
I 5 1 17 (2,2,2) (-1,1,-1,0)|(-1,1,1,0)
I 4 3 8 (3,0,2) (1,-1,1,0)|(1,1,0,0)|(1,1,1,0)
